20
30
25
   7.37759   31.41341
  34.15901   19.76947
  33.86246    3.18582
  25.61627   19.32279
  31.74550   23.20017
   6.49194   28.03009
  38.58204   20.00033
  35.58080   13.66455
  17.46989   31.06237
  21.42417   38.14969
  14.65370   34.03402
  39.75408   38.82321
  32.01033   24.07268
  30.59839    6.76902
  39.32614   17.65420
  33.28068   29.46988
  31.89620   10.77555
  26.48808   15.50094
  38.91643    4.51105
  29.53599   26.30050
  11.08101   57.30740
  50.57053    8.70702
  56.47958   48.67056
  51.90807   35.31744
  14.35446   59.69981
  17.14560   59.40451
  39.54874   53.70624
  35.61401   45.46884
  54.93235   64.25313
  56.55948   14.13116
  48.21408   42.44633
  51.92756    2.03109
  14.92231   45.80079
  56.95732   28.10529
  39.99155   61.98790
  29.26477   46.01813
  50.54321   50.51169
  32.68062   62.18859
  48.64431   55.75957
  26.93990   55.16449
  28.89711   46.52356
  61.12928    6.63897
  60.18360   37.06782
  59.58645   45.64718
  56.97652   44.04301
  54.75165   60.20048
  61.17253   53.04124
  13.55266   56.37980
  51.50146   22.68511
  36.99413   52.33355
  58.32129   14.40556
  51.14761   56.23899
  61.64354   50.37813
  49.91051   53.89018
  43.84408   29.01355
  65.57468   44.97167
  27.08302   59.85838
  54.71616   33.05460
  18.16363   48.46795
  68.63396   17.23775
  55.31707   53.36347
   8.40279   58.72318
  44.92682    6.11654
  50.10114    7.12214
  12.29193   49.93251
  61.96846   68.81969
  45.70349   33.44154
  42.62511   58.32487
  22.66254   69.22035
  69.64652   57.83056
  48.59068   51.35689
  61.26882   66.60571
  59.65840   44.86570
   5.14489   43.63693
  62.52163   57.74233

scenario (a)
30.0 177.0

scenario (b)
1-30 Infeasible