20
30
25
   9.69273   25.13920
  39.60440    5.22352
  38.68017   11.89559
  26.07208   21.42452
  35.48106   34.58393
  37.62131    4.23333
   2.96708   39.83731
  14.25096   33.57898
  25.52286    8.38495
  39.13708    5.53645
   5.83324   32.83037
   5.85310   27.46904
  39.78476   11.39028
  37.39277   10.57656
   0.70717   27.93651
  32.29371   25.69371
  21.10016   33.29454
   0.69138   39.22900
  32.44096   38.43181
  11.31209   38.08190
  61.61596   46.99060
  53.88825   37.27481
  28.47723   46.40539
  53.82380   24.18165
  59.04330    6.94986
  51.52973   57.11354
  26.44545   58.01737
  61.63148   59.96947
  31.95511   62.98768
  63.55247   12.08144
  64.29139   13.52909
  23.24991   60.87668
  56.48654   29.68026
  63.82392   51.71107
  26.65635   60.14958
  62.37797    5.20840
  21.67101   56.63642
  41.18412   46.87982
   2.56459   47.60262
  36.62773   52.93320
  16.58273   48.62939
  47.33849   38.90852
  32.24809   62.15714
   8.94055   57.92144
  11.87629   64.33173
  24.98584   52.13651
  60.66010   15.58536
  50.57874   22.39656
  51.00654   52.18686
   3.19598   59.74650
  50.46861   38.75327
  46.82661   41.97016
  67.51147    6.87986
  44.83912   50.78136
  41.26577   51.26038
  44.61642   27.11051
  69.95312   18.56922
   6.25400   53.57195
  52.97625   13.70961
  32.85472   56.75304
  10.21700   50.23414
  25.61765   68.86020
  19.98379   42.14565
  46.43697   56.91244
  56.98939   41.75159
  17.62885   41.32496
  57.66028   50.57994
  55.01562   46.34571
  61.53064   27.03220
   8.63855   50.07169
  58.21949   63.59920
  15.04820   47.66189
  20.68882   42.18773
  27.82641   47.94986
  23.40064   62.72637

scenario (a)
30.0 150.0

scenario (b)
30.0 307.0
