20
30
25
   0.34259   38.17227
  34.08239   29.55241
  38.97726   34.29847
  34.21642   34.38103
  31.21778   35.97645
  20.41971   30.68319
  27.84592   39.83268
  24.29883   32.78987
   8.57593   32.55748
  37.10640   18.70611
   1.44781   25.38489
  32.87850   11.03811
  23.84252   33.03175
   1.57349   25.40551
  35.37947   37.10199
  21.20670   30.43754
  36.14847    2.32648
   8.20635   27.36920
   3.35948   29.95968
  31.33294   27.57789
  60.94585   51.89249
   2.30244   62.82347
  10.59905   52.23654
  36.31369   53.54520
  11.42952   53.81154
  22.94565   46.85882
  50.58788   57.46591
  27.48251   63.24965
  56.23931   64.36966
  47.36655   46.13796
  14.81555   62.64639
  16.81790   51.43646
  46.08308   47.66055
  50.38994   21.52252
  62.00849   19.35033
  58.35019   12.45436
  42.02660   45.34125
  55.33164   23.84257
  50.69797   57.51028
  10.98052   64.36768
  48.96457   20.78895
  15.29635   48.35811
  49.60120   64.40622
  33.93994   63.97229
  45.73162   20.02574
  52.51178   11.62711
  16.53860   49.49603
  63.81152   55.07300
  64.46448   40.31753
  60.60158   10.77012
  45.89492    1.27445
  26.17998   53.15367
  47.53997   42.92833
  43.74209   37.82060
  32.90027   40.12576
  13.45810   61.87864
   7.52186   43.35531
  66.32347   57.45261
  12.30828   57.90757
  45.70674   21.38170
  43.92448   55.73734
  54.51669   24.17630
  54.27692   65.87087
  64.92380   20.49123
  45.47521   32.44091
  52.30077   47.98846
  55.18734    6.16918
  49.71466   65.03048
  28.25332   43.58188
  44.12042    8.35353
  56.24025   62.53054
  57.63380   22.85638
  68.54241    0.37517
  40.70929   39.81488
   8.01996   48.78188

scenario (a)
30.0 122.0

scenario (b)
30.0 269.0
