20
30
25
  15.00229   25.61218
  38.00066    3.02709
  31.07719   33.30983
   2.19223   32.70710
  35.41406   28.89386
   0.10224   39.24797
  29.46827   38.23227
  32.82437   13.79932
  15.14178   31.39054
  29.46133   33.56846
  28.37446    7.53604
  39.42674   15.52013
  20.12618   30.54121
  27.34930   28.87830
   8.56608   30.52370
  25.30246    4.36574
  15.08954   39.16240
  28.53116    2.45563
  36.01124   37.89501
  33.16994    6.16280
  42.45745   52.42284
  13.17951   59.81114
  47.13424   29.65180
   0.91370   52.88377
  60.77039    6.88388
  57.09161   29.29327
  53.31572   44.54781
  52.20900   16.97961
  61.81659   12.14060
  10.61422   52.89907
   9.07637   46.66564
  60.23171    0.11397
  62.28131    2.35299
  38.51804   64.91064
  27.63735   62.15758
  56.54272   55.66549
  28.89118   62.34354
  61.52052    0.92829
  53.65054   39.60488
  50.61159   29.01418
  46.29989    7.25023
  50.44753   37.26720
  48.55004   58.84125
  13.13240   45.47742
  39.26264   48.16637
  20.59716   59.31581
  41.69080   62.33136
   5.35097   62.16278
  58.25894   43.31627
  54.06657   59.56044
  56.11192   69.87309
  65.56012    3.43929
  50.27273   32.58386
  37.31079   45.18299
  21.09118   55.87285
  24.97241   50.15611
  40.20210   36.78336
  50.51937   36.79821
  41.82177    9.39281
  67.63755   29.16492
  23.78887   48.79228
   3.38039   51.37812
  40.19163    6.94064
   1.80648   40.07215
  21.36067   49.69571
  50.63121   46.84381
   6.80300   66.53435
  69.97409    7.55858
  56.85720   25.04816
   0.19715   61.69212
  40.64884   61.37803
  59.03178   29.97732
  45.14499   31.05615
  68.91388   48.59953
  38.26566   57.79557

scenario (a)
30.0 123.0

scenario (b)
30.0 271.0
