20
30
25
  36.08246   22.31230
  26.23939   33.29886
  30.85756   17.29154
  15.41129   31.34573
  31.42126    6.51234
  24.06294   35.11209
  38.31385   34.16338
  30.96581   35.02514
  28.24970   22.11881
  34.21070   38.16430
  29.38101   21.54527
  29.80457   23.14022
   7.04603   30.29877
  37.92945   35.10965
  34.22061   12.05710
   4.38686   36.24264
  36.79920   16.69143
  33.91318   15.23924
   2.19152   39.77469
  21.51012   35.58109
  25.05494   50.22644
  59.68240   17.11209
  50.57615   38.97408
  19.74932   56.72995
  64.37705   28.56843
  52.96880   18.21056
   4.56282   60.21573
  44.13334   45.84478
   8.93618   58.00305
  61.57859    5.55741
  61.55553   37.85678
  53.40503   46.40418
  52.45470   33.54860
  34.06204   55.86815
  24.98016   58.57229
  52.55681   15.14335
  58.40726   19.04127
  54.90241    8.98486
   7.66080   53.95101
  59.80454   50.73472
  55.84180   53.05473
  61.46311    0.84098
  20.35618   53.59794
  54.71635   61.89075
  31.90770   49.78870
  32.04323   52.78757
  42.16746   45.25945
   6.03665   46.12186
  59.84108   49.65405
  60.20022   21.42330
  69.60093   37.51786
  48.38362   28.55953
  56.95926   34.47411
  45.54131    0.42120
  67.55641   66.89909
  58.43915   26.13209
   3.72908   58.74602
  17.71673   47.04682
  19.98769   42.21065
  40.10254   33.79625
  46.67027   52.73438
  39.41447   65.78261
  26.47606   56.59022
  31.48658   51.83848
  19.68087   46.53513
   1.76058   52.98594
  55.48246   46.47693
  13.08626   69.46962
  49.50366   41.97661
  51.00989   29.49837
  52.74782   15.91403
  25.14746   57.21840
  53.84286   69.09570
  47.52636   26.60229
  53.01106   23.21459

scenario (a)
30.0 127.0

scenario (b)
1-30 Infeasible