20
30
25
  30.79177    7.07287
  12.42841   32.01256
  22.97978   30.79883
  38.03045   30.11156
  38.15276   16.85143
   9.21513   38.16548
   3.88496   36.04191
  36.64806   23.62860
  36.10115    1.68553
  18.86948   36.52166
   1.39176   31.36548
  33.77122   38.90176
  37.10271   23.25575
  39.30091   20.97149
  26.07216    0.36696
  38.86689   16.54684
  24.90259   35.07925
  37.20792   25.72036
  38.46720   25.41516
  32.69624   33.30199
  64.49793   18.12419
  15.54768   60.83735
  64.56604   27.96278
  56.75992   10.09073
  47.43711   51.03299
  58.51181   38.90878
  28.50375   54.81522
  54.50496   11.64135
  51.79364   55.36835
  41.24904   54.12645
  64.44771    8.16807
  31.01276   59.68045
  42.85119   51.18601
  45.29854   36.34151
  24.67416   62.44872
  63.64384   22.94915
  56.27765   16.25502
   6.83179   58.10769
   4.42063   54.66373
  53.85085   29.45500
  56.96225   46.55926
  48.28804    4.70855
  32.52414   48.43252
  63.66048    2.34428
   6.45754   48.52080
   0.61356   60.93075
  50.32689   54.87183
  42.18789   62.32857
  59.76699   28.39125
  34.97063   61.02814
  43.29309   18.92541
  44.70690   52.02804
  42.43554   53.32968
  10.89332   67.65222
  46.48152    9.47149
  35.45575   51.52492
  38.69419   56.13670
  43.22049   42.40449
  56.63883   35.98189
  46.52242   12.40517
  61.40360   67.23516
  22.05014   44.89373
  18.12897   42.31897
  61.10916   64.52255
  45.75885    6.19199
  27.36701   52.13653
  58.90764   45.12793
  49.77467   50.59587
   7.69209   67.57261
  14.87116   50.36906
  34.74653   44.19072
   8.78481   64.16792
  58.21360   59.80654
  42.37945   68.15393
  69.15632   59.78326

scenario (a)
1-30 Infeasible
scenario (b)
30.0 311.0
