20
30
25
  20.11324   31.43217
  11.26586   25.08934
  27.79561   16.19378
  29.89429   21.79919
  28.68298   27.96218
   6.62557   28.18097
  25.05975   35.90602
  36.05254   21.79861
  33.33479   35.19070
  16.78219   30.95120
  35.98988   33.41028
  27.50105   28.17310
  35.31934   22.83863
  23.09419   33.92609
  36.04245   21.09694
  38.62045   23.25140
  32.12476   36.68358
  31.11720   19.02484
  25.66911   37.05755
  13.22423   33.35531
  49.84193   33.54279
  40.39247   62.35449
   4.98061   59.22316
  11.69439   52.46350
  55.20964   31.51656
  63.67943   58.04912
  54.84400   35.59603
  32.71636   56.46938
  61.11593   53.06233
  31.76270   59.93365
  60.59330   20.40278
  46.85080   13.02897
  25.76795   58.05577
  55.64327   29.65408
  60.22480   17.85415
  55.32579   46.50924
  53.10028   32.45150
  53.01128   17.61353
  12.46596   63.01052
   2.67511   54.96391
  60.69184   34.09525
  47.79795   34.90574
  27.55854   51.01539
  18.83682   47.10782
   8.43811   54.00246
  21.29529   50.80574
  51.52895    1.62520
  14.63081   57.88608
  19.81670   52.75556
  15.30064   51.65028
  52.63562   69.85638
  24.91849   56.01636
  48.33863   33.05724
   3.84383   46.60159
  32.45477   56.54304
  59.45501    9.46544
  65.43935   56.97190
  44.27157   30.00683
  11.04464   67.70082
   6.60755   53.91218
  43.71362   69.79881
  55.86610   48.15778
  68.80827   53.78806
  67.83219    5.42290
  10.35745   69.87468
  64.11879   35.16423
  31.29394   40.26550
   1.30507   66.50394
  53.41045   12.68318
   8.86730   46.76683
  42.89550   24.10214
  23.76735   66.29003
  67.18054   26.72846
  64.26696    6.09291
  63.13854   68.80706

scenario (a)
30.0 167.0

scenario (b)
1-30 Infeasible