20
30
25
  38.01820   11.62109
  34.73069   31.41205
  32.65642   26.54388
  34.31027   29.65907
  26.61490   27.75013
   9.38025   37.41816
  27.81881   23.74363
  23.68742   34.76080
  36.19976   21.32486
   1.89360   26.67606
  31.13861   39.36838
  34.32281   14.86422
  36.96192   32.44379
  38.87242   29.24110
  28.43774    4.66338
  27.50754   10.33567
  25.45981   17.71758
  23.16534   39.92133
  30.28533   21.14916
  30.37203   20.43716
  63.98910   38.93915
  21.03919   64.96885
  46.75050   32.01432
  11.73939   48.77129
   8.40021   62.23336
  32.19221   56.01746
  41.49056   54.47050
  50.17335   48.93078
  48.99639   14.48087
   9.11058   55.41395
  43.14890   49.41973
  50.09761    2.38503
  59.32106    6.89567
  59.23952   53.08239
   8.42035   49.95663
   3.84623   60.66499
  55.84779   50.34079
   0.12363   49.10115
  36.81213   59.02565
  64.11344   27.62192
  52.32295   63.84816
   7.82201   47.30314
  49.12134   30.86197
  46.21630   52.99155
  60.63392   51.97717
  57.38489   50.47212
  13.19249   46.58389
  55.37052   58.03063
  43.01352   61.40714
  36.09714   60.75887
  45.28235   60.94767
  18.68969   50.48444
  44.05013    3.50620
  60.09447   27.55255
  68.12305   35.59714
  66.69183   13.44304
  11.30292   62.42213
  65.03456   69.47946
  67.46010    4.18818
  44.28368   19.60329
  18.06154   58.87111
  44.82317   13.67018
  12.60091   55.37117
  58.25483   48.85975
  21.14303   68.40213
  30.34774   68.92617
   9.00768   60.40957
  55.09902   52.30847
  55.56619   40.72012
  21.46626   48.44054
  17.61858   46.93779
   8.78698   40.59170
  61.95224    3.70754
  45.18540   10.76368
  59.99728   10.36169

scenario (a)
30.0 146.0

scenario (b)
1-30 Infeasible