20
30
25
  28.53500   28.08886
  14.87266   33.55945
  38.03687    9.62530
  34.89100   19.36215
  38.53052   16.53166
  25.11773    2.55683
  39.53149   28.41051
  19.59660   25.73579
   0.81340   29.79674
  32.86540    9.42154
  35.17662   36.47521
  26.66939   25.11262
  11.63844   33.07874
  31.05096    0.46117
  36.96157   25.91440
  35.44523    4.78113
  34.50415    9.85268
  32.10294    2.08684
  37.63592    8.51854
  37.68709   26.59986
  53.67398    9.65563
  12.40382   48.59140
  52.36240   64.33452
  62.88874   22.15917
  43.32460   57.26050
  32.36377   46.75033
  61.77703   57.67625
  39.88721   62.95963
  57.98486    6.28808
  56.15546   11.86553
  64.68246   20.74449
   0.39180   61.03687
  59.29448   61.79661
   2.95819   50.94879
  47.94106   37.20705
  47.74600   41.63919
  30.54803   52.41278
  52.68246   42.90267
  53.64185    5.48227
  63.09082   19.29414
  23.24733   53.30135
  51.49584   50.93716
  64.38200   20.55108
  34.45709   51.39317
   5.08361   57.42074
  49.55915   11.19214
  63.11412   25.85979
  51.93977    8.23276
  17.67642   63.70517
  10.48957   45.94068
  10.53622   61.73230
  54.48870   55.71957
  46.06167   34.91298
  62.83093    4.76845
  67.77356   13.51078
  49.55084   51.16966
  31.34157   56.94796
  58.78929   57.36740
   4.29682   66.65853
  62.90930    2.77815
  48.86256   14.66182
  44.81718   35.35379
  53.90152   21.41561
  40.06719    9.91792
  57.00917   66.30111
  66.96813    1.85767
  41.22417   43.06957
  23.95524   40.12048
  17.06945   55.96215
  49.19920   69.63865
   0.77331   53.50163
  46.90211   42.61473
  57.60849   68.51367
  42.98852   18.94047
  67.57852   39.09540

scenario (a)
30.0 147.0

scenario (b)
30.0 331.0
