20
30
25
  35.06269    2.51454
   4.79725   31.50315
  39.09612   10.87537
  34.97299   18.35261
  25.55193   31.26934
  25.29629    5.07949
  39.90136   25.07405
  13.44269   30.51245
  25.10663   33.73454
   2.93281   26.69277
  29.23150   38.67168
   7.85384   28.96517
  31.42487   21.80629
  33.31924    0.96652
  22.03413   35.27910
  31.10804   13.12962
  29.78444   35.29175
  25.40105   25.97283
   4.86193   37.05542
  36.26326   27.03573
  44.29048   54.43696
  26.62116   60.13657
  62.93418   25.72820
  29.02313   63.06427
  55.25457   21.45260
  41.12637   45.31275
  56.43822   44.02600
  57.28843   21.62214
  16.67798   63.90828
  12.02568   63.10429
   8.86842   64.79961
  50.74960   51.09950
  47.36554   31.91996
  61.62115   18.36020
  39.38181   50.54398
  51.32144   23.78289
   1.31046   47.46654
  56.54770    1.09483
  45.14084    4.59870
  52.13427   30.42194
  49.48970    9.46089
  48.50717   24.53169
   1.14125   53.30538
   8.84225   59.52357
  53.70472   42.84567
  62.66096    8.62223
  50.98119   63.68693
  63.94788   52.94659
  11.06828   56.09825
  47.16138   60.40231
  67.35874   64.24642
  12.92033   48.81482
  12.87883   41.85033
  40.93621   28.54582
  30.23474   51.75572
  47.61124   66.33587
  19.02155   60.85599
  23.38343   61.77829
  23.11590   45.94938
  35.24665   43.92222
  38.43063   47.00880
  44.39804   56.42926
  52.95448   50.61282
  51.73759   49.71258
  65.41191   60.08577
  62.16755   16.16275
   2.08402   46.55342
  48.61324   13.88379
  26.25299   55.50997
  12.14169   49.95395
  25.95436   51.62179
   2.51226   62.06492
  11.49651   54.75522
   0.88949   44.78277
  22.75854   45.87184

scenario (a)
30.0 135.0

scenario (b)
1-30 Infeasible