20
30
25
  21.70795   27.01929
  20.74445   34.37703
  26.83037   25.54663
  27.86764   38.16496
  38.23775   25.32133
   2.77202   28.37447
  28.07110   12.19680
  10.80722   32.08910
   2.88084   34.73858
  28.59071   20.24753
  29.79698   20.09334
  17.84597   39.71862
  38.49649   20.01984
  30.41635   23.20907
   2.80820   39.64811
  37.01216   29.24028
  26.65284   16.34514
  37.29432   37.91485
  33.32553    6.06126
  29.16872   17.37283
  61.91045   41.35813
  50.45071   58.83211
  52.08411   14.53046
  50.23644   39.76970
  47.71414   50.80427
  62.92619   18.63170
  57.46137   43.85561
  53.75675   13.13296
  22.82306   49.00560
  58.23820   44.81964
  62.09148   34.19231
  23.02845   58.85806
  56.84226    4.26358
  12.99551   45.94122
   6.65950   48.33252
  57.68842   55.95311
  48.09794   48.23445
   8.77457   62.19479
  12.75171   53.26502
  52.90298    6.16180
  57.70737   61.15163
   2.38441   57.85878
  35.29167   59.51981
  58.12993    1.66895
  40.69765   57.22183
  63.43574   63.48090
  26.33716   50.32972
  48.08582   34.32100
  43.01708   48.30297
   4.52492   60.11886
   1.28710   52.87408
  12.07430   52.35242
  48.40915   62.63501
  67.56769   31.53332
  45.58907   41.79869
  61.80004   11.82603
  11.02850   54.81547
  46.29905   11.89168
   6.10040   63.35492
  64.01014   43.41104
  11.70407   49.08192
  66.39284   19.24667
  62.82487    9.61106
  50.73474   63.85958
  22.91868   44.82856
  17.00491   47.33101
  56.64662   25.27257
  36.05558   47.86443
  23.74748   47.86998
  42.31991    4.01580
  13.81497   42.00199
  41.99911   29.80038
   1.84552   45.37837
   7.76121   52.23551
  46.54304   23.09436

scenario (a)
30.0 120.0

scenario (b)
30.0 266.0
