20
30
25
   8.87973   34.82929
   8.26877   36.74444
  30.63631   20.73672
   3.22965   29.53761
  35.19748   10.96346
  25.15152   23.19351
   6.62451   38.55722
  38.40907    7.53659
  27.99374   31.18058
  25.59181   39.42498
  10.36390   32.09988
  34.81932   36.90998
  39.25875   15.95779
  32.54930   21.85826
  30.83416   19.39724
  38.59661   25.27064
  32.66641   22.64328
  25.41425   32.47610
  37.06730   36.50507
  32.99243    3.76811
  35.51329   51.74928
  51.68069   22.88617
  37.92748   61.05446
  61.33011    7.26001
  54.83107   22.49183
  33.17306   62.47170
  55.88095    7.22220
  31.09204   55.24870
  52.03097    1.32544
  64.03389   52.09110
  29.40722   45.69124
  59.89559   61.98598
  26.49957   58.40713
  58.04398   62.73524
  50.04562   49.34144
  46.15319   45.60093
  49.87654   63.33272
  23.63399   52.67043
  52.85608   17.17549
   5.52958   52.50553
  52.95173   52.66856
  38.30930   59.45773
   3.88841   62.72478
  53.67088   42.86212
  64.12259    6.98682
  23.70616   58.00166
  62.47872   51.28566
  39.25897   48.65743
  49.13115   64.57776
  64.81966   36.45945
  38.41083   44.96447
  50.87526   43.10695
  41.19500   42.35030
  24.83498   54.41674
  42.32223   21.64615
  41.38556   54.25092
  43.73281   11.17767
  62.56339   51.14139
  34.84376   45.05482
  44.90253   69.17174
  53.92306   12.70368
   8.38383   65.12393
  63.70682   52.44293
  53.23721   10.00131
  56.83609   13.45955
   0.02680   59.18625
  11.27927   51.74755
  40.80376   53.91820
  41.99952   67.30272
  23.68371   51.99255
  21.03471   55.91504
  14.21224   58.90799
  59.22930   40.27623
  44.36015   62.22500
  49.97713   18.55789

scenario (a)
30.0 142.0

scenario (b)
30.0 261.0
