20
30
25
  35.49311    3.92686
  15.52053   38.89242
  10.73153   26.34939
  15.86850   29.40364
  11.43610   29.83659
  27.68663   17.72022
   3.99045   25.52651
  35.00664   26.34831
  34.14050   15.52790
   0.63899   31.08001
  21.95901   39.34881
  35.04730    8.89369
  24.99122   37.43143
   1.96545   39.44394
  27.42087   39.16622
  31.10927   12.83433
  32.40834   25.95327
  12.20607   38.95860
  12.54770   29.35289
  39.52923   23.86662
  48.07078   28.34981
  59.00414   10.21710
  61.38619   26.66374
  35.15949   58.76586
  49.85864    7.41147
  47.50050   32.28306
  53.40538   31.56345
  30.87982   52.13232
  30.19684   54.68774
  51.26424   42.95686
  53.78161    1.87292
  15.00041   54.06568
  51.91636    5.72797
  11.47601   64.33849
  63.73129   18.57154
  63.60031   22.13882
  55.76172    0.17948
  55.73882   50.29356
  53.66800   37.28948
  17.62543   56.76274
  30.59971   53.56435
   2.39607   51.02800
   5.11510   56.72022
  44.64161   56.44317
  12.19572   58.27163
  52.47250   43.34942
  32.99736   51.78028
  11.62491   46.72809
  49.77983    0.88750
  47.93360   25.76551
  65.87261   62.84528
  49.01206   39.31664
  52.37757   10.44765
  40.10918   16.57056
   4.62461   50.79221
  42.90712   42.27684
  36.96571   54.97046
   0.75477   64.06841
  45.77586    8.57136
  41.71775   41.79345
   7.16754   46.02366
  29.43619   65.30286
  65.03857   61.07833
   5.49407   69.09822
   4.90741   42.59289
  56.30329   25.98589
  41.19776   64.02637
  46.85035   51.11329
  50.14361   58.67005
   1.21647   59.76839
  48.03972    4.28804
  33.10526   61.95420
   1.66624   41.31514
  40.34946   19.14811
  53.09131   62.16010

scenario (a)
30.0 130.0

scenario (b)
1-30 Infeasible