20
30
25
  35.39620   24.95249
   6.87585   26.73854
  37.43609   18.61875
  30.17079   12.05160
  27.67258   22.61027
  26.99271   17.82247
  26.98181    7.46042
  19.22423   25.50893
  31.38095    5.95468
   7.10660   33.01940
  26.97111   27.09726
  36.15515    7.47516
  37.24438    9.12063
  35.11401   20.76597
  20.24093   31.74308
  19.89184   26.32263
  38.23908   16.81733
   2.60436   34.10734
  27.26796   34.20290
  27.35631   28.90989
  55.22165   45.51512
  12.82459   62.95815
   5.10460   63.17470
   0.78621   61.63307
  26.48206   50.72700
  54.33989   50.93386
  24.67243   47.42460
  38.92574   49.72853
  49.40858   27.62020
  64.98054    7.61042
  28.48815   60.76249
  50.28280   20.51069
  10.79194   57.42260
  22.41669   59.78014
  59.45705   20.67221
  44.95147   48.71956
  63.60592   62.58467
  59.14374   19.56820
   8.85357   45.98017
  33.24208   51.35348
  18.23293   63.42650
  31.43026   55.68908
  48.18583   39.63917
  57.14092   22.77540
   3.71529   55.87380
  51.95735    4.64766
  58.83936   20.12125
  50.11130   23.43981
  43.13202   52.21051
  48.65077   63.88809
  59.68496   59.46646
  16.43341   40.11916
  64.77855   42.82803
  52.03136    7.42402
  43.13526    0.00826
  26.14516   66.68723
  68.69090   44.92402
  33.19352   56.23914
  56.63827   27.61347
   0.16772   50.78721
  51.93577   18.82930
  11.34310   42.22961
   9.10383   49.19614
  63.45380   11.30153
  28.33501   65.53252
  29.18674   67.58112
  41.62065   11.74955
  32.37861   52.08627
  57.46881   34.89681
  47.70711   34.35228
  45.44202    1.17327
  22.58912   56.99062
  21.48236   44.72367
   9.04489   67.13788
  35.06257   55.49916

scenario (a)
30.0 148.0

scenario (b)
30.0 296.0
