20
30
25
   4.43626   32.31888
   2.73948   38.41341
  39.19552   14.46959
  31.98928   13.58580
  37.87247   35.20429
  17.37065   38.51004
   9.85451   32.20251
   9.73820   37.47794
   5.39607   38.90575
  23.45403   33.73725
  27.19685   24.04521
  25.31557   32.37517
  32.30450   10.32695
  36.33830   24.49569
  36.04302    7.17947
  37.58355   32.17812
  38.79899    1.47959
  23.26792   28.34597
   0.87115   26.62322
   5.02574   38.68467
  59.92293   63.41607
  53.51331   24.29976
  63.14328    4.12306
  57.10058   14.49092
  19.56557   54.97679
  40.35565   45.05270
  24.61224   52.22644
  39.75598   52.55065
  56.31463   54.24004
  47.32104   31.47127
  56.94206   52.89620
  60.36012   11.14299
  53.57077   36.81370
  24.97311   63.99852
  54.05353   28.22348
  47.36165   44.50798
  53.69003   52.13939
  62.39088   64.44816
  62.45254    5.78834
  20.82416   47.83474
  34.25094   62.29585
  15.90705   58.60738
  29.69834   59.31449
  25.57244   62.41108
  16.16949   62.75069
  45.47433   11.73960
   8.19824   53.74538
  20.98020   50.11283
  44.45169   48.10785
  54.43005   34.18193
  62.72427   34.73573
  52.45276    4.75646
  53.33730    9.83469
  61.52464   56.59357
  35.34207   50.00487
  36.73537   53.07614
   1.87282   46.39813
  58.40930   24.73715
  44.93085   47.32756
  23.11877   68.69574
  22.81693   45.52663
  67.02258   36.95785
  56.36324   14.01946
  57.67922   40.44024
  66.12182    3.74024
  34.17731   54.23442
   2.77280   69.57192
  45.56835   19.55545
  68.34760   68.81738
  62.57541    5.87150
  18.26868   50.31498
  28.91676   69.15812
  14.92730   66.59411
  69.26277   68.82158
  48.37117   22.96003

scenario (a)
30.0 145.0

scenario (b)
30.0 316.0
