20
30
25
  33.73135   13.52467
  32.75007   25.07181
  13.96735   28.34609
  33.81098   14.41607
  17.02901   37.02780
  39.46523   30.08742
   3.74277   25.61079
  14.52751   29.83042
  12.46107   31.98683
  31.09331    2.68627
  30.96806   11.18876
   4.17847   31.45555
   8.22598   34.34362
  26.20340   16.38456
  37.09553    3.86346
  30.79574    0.23822
  26.07180   35.00148
  34.61809    2.06430
  36.64471   32.87185
  38.27147   37.40460
  47.81938   25.92811
  52.18871   42.16735
  21.59335   63.30594
  33.45622   59.16599
  55.41420   30.09234
  57.06931   12.72207
  58.04733   43.73277
  48.72148   21.81433
  53.31076   60.79189
   9.10911   60.03740
  27.76233   58.02390
  51.68966   31.39690
  45.60924   46.43881
  50.20518    8.76817
  62.25390   53.49193
  15.13269   47.12406
  58.93474   54.06558
  63.04753   46.89926
  36.67393   55.40382
  48.32781   15.67003
  21.27710   60.14183
  13.35387   64.62381
  34.79125   58.05869
  37.65998   54.71854
  19.77071   60.23264
  59.72763   48.82625
   0.67870   45.90975
  47.13813   39.54125
  40.79739   51.57502
  55.46785   38.09269
  29.52615   40.21057
  29.41513   65.80898
  35.15504   67.22699
  62.07966   60.88352
  45.85305   12.19894
  50.50418   15.58318
  59.35565   69.96222
  62.01562    5.79536
  53.34425   32.00011
  51.99417   37.86169
  39.25442   47.26554
  62.62547   17.05050
  29.96591   64.46780
  64.66719   38.15968
  14.60339   40.39352
  50.87287   12.72544
  16.05830   44.49392
  33.60887   52.83159
  48.76908   22.84991
  65.68162   49.20648
  33.26057   50.65165
  46.49628   52.18100
  50.95208    8.38342
  64.08574   40.65356
  53.54100   47.05628

scenario (a)
30.0 141.0

scenario (b)
1-30 Infeasible