20
30
25
   8.73706   36.76185
  37.77690   24.03709
  30.49794   28.87005
   8.71102   36.76588
  33.64243   13.90161
  27.76211   24.61802
  17.23848   26.58942
   1.74258   39.98044
  38.69743    9.68160
  35.31630   27.79339
  12.08147   36.06266
  25.30189    8.23319
   4.08762   32.97484
  25.55233    3.50602
  33.57124    6.92777
  33.02006    6.01522
  38.95648   27.50761
  34.43995   13.60278
   0.61411   35.39961
  14.33823   36.35990
  35.69061   60.46088
  46.26892   54.34260
  51.72254   16.55228
   4.21130   55.52847
  57.07194   21.73860
   2.26497   51.36092
  36.03426   53.05949
  58.50942   28.04050
  46.69179   53.97910
   3.37708   51.32702
  56.12843   42.34991
  59.07745   17.10206
  62.23674   22.16894
  47.32902   16.50546
  17.26901   61.93383
  59.19108   43.11874
  58.28123   61.55221
   4.58399   57.53829
  50.70187   57.72953
  63.08323   60.64241
  50.80019   13.33378
  55.68015   19.38869
  24.21814   45.07560
  48.30513    1.18745
  24.24524   47.93158
  11.78091   63.89954
  57.67970   28.88738
  22.50981   47.35583
  21.04598   63.66408
  38.04337   50.13981
  52.39602   28.21379
  12.44372   41.48499
  12.00294   55.17923
   1.40949   50.65887
  48.00237   51.77230
  46.57661   48.15159
  14.65857   45.13465
  41.91545   35.72215
  66.71138   25.06874
  68.93953   21.38736
  44.80451   35.38096
  40.15092   41.00667
  14.37998   42.49777
  16.77315   42.57852
  60.25096   25.24223
   2.39816   63.14717
  66.13788   50.60616
  17.09065   58.57082
  42.93807   34.27553
  69.10100   60.95904
  58.90525   12.20692
  26.78646   67.23446
  11.32275   57.49227
  49.23409   51.62502
  62.42009   24.53071

scenario (a)
30.0 132.0

scenario (b)
30.0 291.0
