20
30
25
  37.19306   32.26625
  25.25742   29.69170
  30.36122    5.62304
   2.08381   35.29564
  37.24114   20.42486
  20.08079   35.20863
  34.42040   27.90610
  38.60701   28.50511
  25.57700    6.26399
   8.97608   34.52721
  12.34441   32.37539
  26.46986   18.73296
  27.26700   39.13421
  24.34001   39.22490
   6.15128   26.45296
  24.00098   28.21013
  39.10321    8.26555
  36.20467   31.33386
  28.43843    0.37989
  33.11992   19.68675
  59.55342   52.16083
  58.69996   14.76904
  31.39683   51.63151
  48.30133   24.99922
  54.68792   63.87636
  27.03275   64.45601
  14.63916   47.23992
  53.33083   15.42599
   4.43188   46.05439
  64.44552   47.14964
  57.83634   48.26309
  45.28559    4.07879
  28.84402   59.45651
  39.49228   53.33260
  18.84409   52.48480
   6.82971   60.27115
  62.08795   18.95666
  53.53448   18.81478
  30.24363   60.33006
  44.16159   51.36480
  50.53157   55.74984
  41.66555   61.49324
  64.14876   24.10784
  50.24969   59.71634
  37.19269   51.95522
  63.74492    5.05246
  45.32842   40.72063
  59.73504   54.21426
  22.07468   62.91075
  10.84530   50.23879
  42.08195    5.43551
  10.62000   40.09173
  12.34791   53.62304
  11.25230   50.28991
   4.25005   68.36456
  64.71647   65.24683
  36.84577   40.02512
  48.67026   50.06960
  30.51457   44.41271
  16.97676   54.11053
   0.82762   40.91068
  66.75560    4.14627
  45.50211   15.29945
  13.04877   45.62104
  55.51261   53.73591
  58.58150   40.48999
  66.43083   12.24874
  65.91010   43.22355
  61.98935   32.34375
  15.34232   46.85598
  69.40060   17.44630
  68.16703   58.82126
  61.60380    8.09117
  22.22153   69.98945
  23.88933   49.10356

scenario (a)
30.0 128.0

scenario (b)
1-30 Infeasible