20
30
25
  10.37337   31.19253
  25.49916    6.81555
  16.42918   33.78905
  35.53794    5.98284
  34.37354   26.06084
   4.08058   37.20973
   1.86301   37.97161
  32.34502   26.68609
  36.87532   21.76050
   8.02676   35.78071
  26.37764   38.20922
  37.17667   23.72959
  30.74169   25.08670
   8.05452   34.35029
  38.66562    1.43669
   6.70414   27.00838
  32.08707   22.69227
  16.58912   25.75009
  18.88008   33.72728
   2.44473   33.33022
  57.36239   55.33054
  16.39590   47.16935
  63.24254   24.76090
  20.18229   62.21059
  24.55912   59.74146
  64.74839   37.82417
  44.03004   50.92795
  29.72809   56.91728
  50.96021   40.66640
  61.38699   64.22450
  33.83209   47.93440
  38.39119   55.49511
  13.96867   61.67382
  61.22680   16.57478
  47.78308   25.42518
  51.61217   49.62048
  10.11476   56.17127
  48.81374    8.88541
   7.45952   46.03936
  47.22750   45.24808
  48.96983   51.66270
  47.40098   19.26290
  56.07974   32.93523
  34.53802   57.02968
  64.78682   38.36365
  11.24421   54.13363
  57.03560   10.69637
  57.68010   35.65252
  17.09038   60.04411
  27.42296   48.03648
  54.80245   35.62908
  38.21703   65.48402
  66.09808   68.96058
  61.58581   50.20445
  60.94071   29.92265
  62.17102   56.28923
  69.35634   23.07357
  41.60906   44.64075
  19.81456   60.73986
  29.69611   68.98188
  45.21896   32.43331
  44.83130   15.16911
  51.16958   23.63546
  42.90714   18.53389
  45.03426   32.55050
   1.30171   66.42287
  50.23145   28.24687
  54.21292   59.35869
  44.38756   68.20159
  61.95004    6.86118
   9.34065   55.38332
  58.08276   63.12908
  48.75588   69.92567
  30.01165   68.31601
  53.46637   11.62586

scenario (a)
30.0 167.0

scenario (b)
1-30 Infeasible