20
30
25
  25.96834   37.22187
  39.38480   32.65183
  14.16474   36.07938
  22.02023   35.06342
  23.02277   32.03765
  31.44272   16.17887
   1.02337   33.61506
  22.81272   25.29080
  26.37536   16.33692
  31.27441   11.01327
  32.10581   38.68425
  27.15305   25.57376
  39.23546   39.61720
   7.55483   33.29030
  11.54757   27.67650
  32.63954    4.41654
   6.06044   37.84490
  36.99776   35.18265
  38.86136   12.04296
  23.37137   25.68429
  49.07561   10.67949
  63.60160   14.73336
  22.37807   64.67466
  40.59052   53.06865
  30.85804   52.48106
  62.24101   13.29975
  12.76452   63.29965
  63.60519   49.41066
  56.95247   48.68234
  14.58063   60.83108
  37.21716   54.06608
  56.44526    9.33441
  30.35972   58.69182
  56.70564   10.66836
  34.04688   53.85028
  50.34726   34.47423
   0.23908   58.93645
  35.04324   49.08423
  47.20197   10.48380
  23.01097   54.51054
  57.81304   52.83724
  37.24815   53.80014
  37.83951   60.63733
  63.32281   25.56834
  53.27629   18.91118
  14.70429   58.29725
  58.29439   40.82723
  53.47122   21.86424
  36.26123   51.43927
  56.23904   18.11108
   7.67828   57.59836
  38.83009   46.08835
  65.85931   69.45385
  53.99061   45.38238
  13.11306   56.72266
  11.55900   48.88180
  41.89611    6.88622
  20.64594   62.73938
  54.38765   28.04798
  68.60502    7.08375
  18.27772   47.19959
  42.65965   22.54627
  30.78472   54.07709
  63.52174   28.54661
  43.35149   27.90686
  69.49516   24.41011
  51.19078   27.53599
  13.95620   60.07316
  47.45993    3.06978
  67.60575   50.68988
  58.62671   40.01862
  64.96105   38.27848
  17.62306   40.62486
  52.17250   69.02841
  42.72060   45.58472

scenario (a)
1-30 Infeasible
scenario (b)
30.0 272.0
