20
30
25
   9.90882   35.14283
  37.51592   12.24038
  34.36962   15.80550
  27.88661   18.75470
  35.77165   11.63588
  32.28868    0.77706
  30.81822   25.78998
  30.55576    9.68918
  38.84570   30.45702
  29.27609   36.88715
  11.05746   25.88096
   3.85007   27.77329
   2.37283   30.88734
  26.63754   28.53126
  38.01061   14.41017
  23.55361   38.64755
  31.06563   39.94681
  33.08180   17.09579
  33.26246   24.04353
  29.02475   24.42051
  35.77632   63.42348
  45.64910   16.01970
  41.28422   47.96944
  15.87362   61.27768
  60.94249   28.14313
  57.70520   31.70546
  60.94304   28.27490
   3.85583   54.30804
  49.63899   34.46731
  12.26399   64.53997
  38.58508   64.56338
  41.40390   62.83521
  23.77278   45.05030
  52.72351    1.08954
   9.27500   56.68192
   8.24361   64.85113
  55.70633   14.22255
  51.88228   35.27686
   8.34197   56.70180
  48.91225   30.34948
  29.30937   53.42461
  61.79729   36.98133
  55.49241   29.85827
  55.46418   41.18637
  33.79435   48.24719
  57.99901   22.10321
  59.44505   26.21707
  18.45553   49.04038
  58.21161    4.06324
  60.85335    7.78588
  42.69970   63.18020
  52.80368   28.48390
   0.81498   67.49202
  50.90691   24.48399
   3.62243   60.38431
  41.90675   16.41736
  69.75801    5.07736
  56.77223   45.96206
  46.54763   11.67133
  23.50193   61.63092
  47.71527   17.51677
  31.22992   45.23927
  50.45185   39.72721
  50.73457   61.76482
  60.86239    7.25242
  47.47066   53.00312
  52.51899   66.91754
  33.05551   68.21940
  40.98018   23.12085
  32.73409   60.41313
  61.46392   53.10088
  49.82592   23.48695
  24.84192   42.09562
  25.72340   66.28082
  46.61140   43.95568

scenario (a)
30.0 151.0

scenario (b)
30.0 305.0
