20
30
25
  34.99258   32.22974
  32.31685   26.24697
  38.96456   20.92718
  31.69380   30.16242
  31.00078    6.76069
  33.13740    3.17326
  35.03992   24.30210
  36.13105   29.85078
  32.73682   10.21203
  35.53256   33.57691
  33.13478   24.62858
  35.68058   39.88850
  20.81739   30.51926
  20.37341   36.64205
   2.13116   39.85634
  37.57612    9.33479
  21.69751   37.55097
  38.36833    7.10455
  29.06729   20.02752
  25.85175    8.81005
  49.42724   32.09211
  28.06250   47.75279
  59.07194    4.01060
  39.76789   59.84897
  36.65020   49.60833
  48.70741   54.23408
  42.89400   58.81666
  56.58454   44.79011
  59.06489    9.97298
  17.96066   54.32607
  15.38460   58.99178
  63.16981   41.20321
  22.52246   45.11411
   6.10656   64.70402
  56.67911   57.94526
  29.58706   63.67129
  59.47598   33.28613
  56.38194   47.28317
  53.00365   44.61201
  37.86001   62.13111
  58.59197   45.90930
  52.39503   64.81737
  19.22689   46.39296
  39.08828   48.69067
  59.53699   63.89829
  56.61774   17.58426
  55.43772   24.80306
  61.52131   61.09951
  11.12460   50.12942
  48.51908   54.77026
  47.36854   26.52124
  49.11872   38.79464
  63.31654   55.87597
  50.92931   57.42102
  20.94050   52.37900
  12.50781   40.25150
   8.40453   68.32918
  40.67994   44.19054
  36.49988   47.84608
  61.80105   59.41342
  66.88793   25.51986
  39.28378   67.88233
  55.85658    9.36959
  14.94961   64.23305
  11.55159   46.13309
  44.56914    0.23137
   0.20554   46.41972
  12.65505   61.73031
  38.52739   53.59608
  43.32338    9.95349
  55.03817   22.41036
  14.30399   51.08097
  57.15236   49.39956
  52.87351    3.57857
  66.78920   46.39363

scenario (a)
30.0 135.0

scenario (b)
30.0 274.0
