20
30
25
  20.55773   30.92660
  34.81711    0.32188
  12.38944   38.30415
  32.25925   13.69019
  26.92610    8.40097
  37.30230   14.96979
  30.09676   30.52556
  34.81998    4.40445
  26.91747   10.30370
  28.04605   26.28000
  35.50150    3.33397
  29.86256    2.49400
  29.25925   29.70045
  16.31663   39.65532
  14.06506   28.59247
  12.63676   39.95218
  29.41072   37.74716
  39.82752    9.86583
  18.24487   29.37961
  29.34648    2.94286
  62.69440    4.85290
  47.48122   32.67095
  60.77545   64.67827
  28.54521   50.40853
  42.35309   62.96004
   5.37324   53.53080
   0.45906   48.66911
  55.49797   60.17066
  48.12051   42.29142
  58.84066   47.50474
  57.74070   26.82583
  26.79293   49.09349
   8.65046   55.56337
  61.47947   30.83311
  40.34350   55.18673
  27.85697   62.27565
  47.82735   19.07466
  63.83327   29.44004
  62.31452   58.24693
  42.96267   60.70879
  52.29490   30.84089
  50.22169   34.13228
  61.97113   38.78414
  30.81559   64.70747
  28.22285   49.43624
  52.00219    4.46734
  45.13562    5.97156
  57.19014   29.12234
  52.19927   21.87662
  53.15418    6.52920
   6.69946   48.79080
  65.69397    6.90247
  58.08806   29.99037
  54.36440   27.81249
  68.04343    6.05570
  44.24606    9.97812
  31.10870   47.02685
  17.25754   67.61919
  30.05115   45.68927
  48.32847   66.43330
  46.92713   12.80539
  45.51674   56.88881
  58.84377   32.52503
  46.85551   64.47766
  67.14352   69.13584
  66.12539   67.19606
  17.88380   43.03606
  25.75334   58.22872
  19.18102   64.74071
  68.20611   29.56286
  23.27238   58.12724
  67.37889    4.28800
  69.49374   51.28747
   5.26257   43.18965
  12.60550   67.70479

scenario (a)
30.0 182.0

scenario (b)
1-30 Infeasible