20
30
25
  12.18685   28.94323
  36.63494    4.96571
  27.87257   19.55271
  26.65017   20.14456
  13.49088   37.13633
  33.88665   18.76222
  29.12740    5.66462
  34.58069   36.03835
  35.80858   13.27737
  26.16449   18.64106
  36.86228   38.50822
  29.98717   22.13302
  39.58969   28.84012
  25.48704   35.73296
  32.74402    4.53013
  18.52052   34.72093
  35.71727   24.69777
  25.08937   39.55673
  36.15549    5.74209
  34.66412    2.05295
  45.05021   30.56057
  43.86799   45.12482
  50.67050   58.92536
  47.26664   63.86758
  54.58471   37.87435
  64.93909   43.63829
  32.47030   59.36541
  50.42186   35.29573
  48.83643    2.41844
  56.04747   62.38308
  34.28622   49.03156
  62.85891   50.90583
  54.09102   59.61781
  10.57987   58.40716
  58.83112   45.77673
  17.78556   47.02803
  42.10246   51.77546
  60.99492   55.45604
  63.23903   34.65660
  52.36799    6.49443
  51.53735   11.64572
  27.11477   56.25436
  57.67898   51.82879
  63.43642    6.32026
  47.71685   34.86840
  40.00018   64.29939
  47.39788    3.33080
   9.47813   49.86696
  60.56662   13.09514
  55.19431   54.10868
  35.07071   50.07682
  31.81192   56.96289
  34.70683   61.17765
  47.02271   26.21214
   5.16693   41.61093
  44.29561   56.33310
  54.71844   20.43413
  13.37594   41.50915
  20.75749   46.36807
  66.06313   33.39181
  31.39355   55.89783
  66.11885   40.39045
  15.97224   66.70333
  40.64792    9.50142
  29.90101   42.59571
  26.16787   41.90106
  64.48420    3.05833
  52.60489   57.16278
  19.75433   65.48191
  18.19232   44.45389
  69.46934   21.75877
  65.30579   36.36125
  31.75561   66.61713
  17.22572   48.54348
   1.05547   64.47551

scenario (a)
30.0 130.0

scenario (b)
30.0 299.0
