20
30
25
  16.82152   34.36728
  10.82131   27.64165
   8.81618   32.47804
  32.54905   29.80401
  30.88175   38.31329
  28.07752   11.90313
  30.71971   27.52873
  28.10542    4.47581
  36.93080   39.55545
  27.09643   31.80659
  34.99711   29.79728
   1.80840   27.39315
  33.96763    5.00829
   7.90234   31.26491
  39.28116   28.35822
  36.46148    3.45023
  29.46665   33.14161
  29.78258    7.10148
  34.33813    0.22050
  14.30573   38.12593
  61.21547    1.49819
  57.62239   16.36931
  56.03571   41.28775
  45.31951    1.97948
  42.72523   64.95596
  32.92546   60.62197
  52.25048   52.49868
   3.76694   51.36989
  29.25271   55.32870
  56.69231   39.17602
  54.07043    1.86762
  45.77928   49.59473
  10.98000   57.81723
  47.51124   57.66761
  56.70512   22.75490
   3.18211   60.66462
  13.78669   47.11464
  25.87359   47.84525
  42.32395   60.12730
   7.51246   49.16888
  56.14089   32.52480
  53.10174   42.19402
  54.35607   33.17489
  59.06431    2.29170
  35.09057   45.18403
   3.37767   61.00622
  28.00742   63.15163
  33.25753   64.85793
  55.85324   26.51379
  16.97951   64.87826
  55.89859    4.39170
  52.18616   17.71695
  24.56290   45.93371
  58.42462   50.51385
  28.41121   54.35071
  27.16842   46.44620
  12.73940   59.33172
  58.35225   32.50322
  68.66065   56.53245
  41.31832   55.23075
  54.41752   31.37056
  27.67226   44.12033
   5.98889   69.83790
  56.50151   31.73230
  47.69201   30.99471
  66.91765   37.33485
   9.37701   44.69937
  57.74314   30.51361
  32.83736   64.25236
  50.65489   39.13913
   5.19833   52.06879
  23.87952   60.02126
  43.09072   30.77093
  43.57502    9.29061
  26.99535   65.74470

scenario (a)
1-30 Infeasible
scenario (b)
30.0 280.0
