20
30
25
  31.54140   11.49221
  31.07102   27.44967
  39.23755   24.03264
  32.55874   28.34581
   1.10139   36.17069
  33.41201    8.08993
  26.79179   38.29596
  33.33333   20.33240
  25.20094   33.40139
  17.89327   30.49162
  25.47689   14.49184
  36.91059    7.16220
  28.12311   28.80051
  27.90710   36.39414
  38.66792   33.42918
  38.04485   20.25302
  37.03183   15.65306
  36.84375    3.53415
  24.52068   30.05316
  18.72970   25.33771
  27.86595   62.27926
  57.19070    7.68308
   5.03421   58.18414
   0.78534   48.47328
  29.62114   53.54875
  24.93180   60.59691
   9.19142   56.32440
  56.96016    7.32652
  46.19997   62.77661
  29.98220   60.19689
  26.26864   58.79079
  59.18194   29.67246
  48.61079   16.07732
  49.54788   52.49361
  63.07453   51.33268
  55.41748    0.38049
   7.58407   52.86053
  59.75962   64.49787
  15.71438   47.69673
  53.16456   29.78106
   9.22454   45.97871
  39.38657   55.85374
  18.94308   63.57423
  58.04242   50.58175
  34.25708   49.01190
  52.21170   58.12690
   8.58912   51.65110
  47.95703   17.01069
  48.06425   49.87631
  43.99323   59.31956
  51.17390    6.13187
  49.51275   28.45209
  40.38039   17.10056
   2.14349   56.46745
  61.85809   24.09024
  28.75740   69.04335
  21.61775   57.64395
  48.24888   43.22456
  63.60327    2.26070
  69.64047    0.65931
   2.26106   45.40884
  59.45821   47.26104
  57.85113   50.22305
  50.78260   32.24871
  51.57770   53.26480
  41.20005   45.91231
  22.21240   57.69165
  25.81724   59.44563
  58.24386   40.97000
  59.03521   48.85564
  44.33109   41.64510
  15.94683   44.77052
  67.33955   36.82579
  20.22825   67.30507
  43.05039   44.75703

scenario (a)
30.0 176.0

scenario (b)
30.0 282.0
