20
30
25
  37.05341   35.66414
  27.33107   22.67539
  30.79018   35.84920
  28.86602   19.95121
  17.68851   32.09722
  33.79325    9.16553
  38.48670    2.35673
  28.07625   28.30435
  37.72115   24.25533
  36.25998   10.07716
  10.05972   36.42542
  33.74573   25.48778
  39.60429   37.59678
  34.19751   36.84582
  26.63027   15.72222
   6.66430   35.79765
  21.72263   32.93205
  25.11286   30.74460
  24.68707   33.24907
   0.40670   27.40422
   8.90965   60.36218
  40.41456   64.32600
  33.97920   47.73087
  63.04349   39.63724
  43.27106   49.49469
   4.27597   56.90200
  46.23558   58.49038
  52.28061   36.81303
  60.14103    8.35388
  16.35724   48.21831
  33.09343   61.29439
  36.08589   58.29311
  45.30654   52.65926
  56.62442   54.32845
  50.30207   22.53570
  55.57748   36.18003
  60.46706   27.53433
  51.81552    3.75900
  12.22602   60.53039
  47.94294   41.45195
  53.67511   52.82530
  56.94302   28.93900
  61.62991   36.05389
  16.16436   63.03288
  60.22432   17.48606
   7.71642   59.41469
  20.23479   64.71090
  49.51679   57.41384
  27.70294   53.07551
  58.04861   39.19760
  65.97829    7.84243
  67.68401    4.33868
  17.79877   40.98390
  53.16908   29.37689
  15.20101   53.09712
  49.67875   60.26150
  34.70792   66.91224
  43.83565   24.45005
  69.01705   20.84006
  40.26385   60.76695
  45.34621    1.03429
  55.14960   34.33750
  28.22365   42.98590
   5.78153   42.78503
  49.44939    9.97237
  51.61729   68.86945
  55.79479   13.60428
  68.60368   15.79306
  69.25739   38.25505
  69.14232   20.99517
  40.61354   45.46674
  13.51169   57.09742
   6.68240   56.94714
   9.89725   65.38403
  18.86887   46.74723

scenario (a)
30.0 138.0

scenario (b)
30.0 278.0
