20
30
25
  15.09260   39.86297
  16.32789   30.87576
  30.42147   12.40037
   5.81867   38.90659
  36.36714   22.39828
  12.54363   35.52800
  26.98292   15.64350
  37.12004   22.85492
  26.73350    2.09035
   7.19311   37.03733
  37.52061   28.56371
  29.30750   18.46991
  37.25317   16.25681
  27.32823   25.99663
  27.29429   35.12225
  31.86869   17.28009
  36.71513   31.27335
  29.03001    4.99419
  36.65234   15.50844
  33.55984    7.14477
  62.27462   37.94650
  34.23317   59.94707
  59.75171   16.38058
  44.37112   62.67795
  14.75251   46.54112
  51.85441   60.88883
  55.49196   27.40048
  56.18951   53.40771
  47.93696   54.62237
  26.09939   48.66030
  59.63487   17.08701
  64.15642   13.59075
  13.80445   62.47378
  45.95201   38.54293
  19.31635   53.82938
  11.40464   58.79181
  10.81981   57.43975
  58.88688   15.30106
  53.96521   18.98050
  58.65790   38.67090
  51.69252    2.40717
  47.74517   50.21711
  15.88759   64.03000
  43.87538   58.02971
  46.13330   62.22218
   1.48429   59.35426
  47.33779   62.10135
  47.98194    9.12103
  30.20824   52.39202
   1.20803   46.33308
  17.56954   46.23686
  44.55122    3.98914
  50.32367   23.79464
  38.47500   52.10240
  65.73212   68.00170
  53.78630   14.72497
  23.20516   69.18281
  63.01904   60.57300
  26.89844   49.04093
   7.97252   51.35829
  52.60511   18.41831
  11.96281   68.53874
  54.25485   68.05088
  33.95970   41.24700
  45.03596   17.60466
  26.65081   64.18421
  34.84050   40.55383
  56.52831   62.47521
  50.92116   34.23311
  49.17161   25.01449
  38.25577   67.12409
  64.11743   49.46819
  60.60174   15.97280
  56.11794   51.73911
  46.05381   66.25664

scenario (a)
30.0 143.0

scenario (b)
1-30 Infeasible