20
30
25
  27.02926    1.78849
  13.73215   25.76079
  11.36852   37.97351
  25.86982    9.99326
  30.18554   29.14843
  22.59044   28.56486
  23.29424   25.56556
  31.80795   34.77962
  34.55099   28.46374
  16.92107   35.08636
   6.76455   33.71499
   4.97823   29.71682
  33.90404    6.97542
  10.85652   36.85693
  25.98189   12.67379
  34.10332   27.55898
   8.70929   27.93933
  32.16332   26.08192
  36.15982   25.48283
   4.47822   26.96411
  57.70007    8.34077
  13.57128   57.93070
  45.38966   13.47084
  28.81683   57.82314
  51.92472    9.14492
  57.13914   45.94286
  61.48309    6.51187
  39.29324   54.37299
  58.39981    1.97008
  63.88205   14.22141
  62.24686   47.79624
  38.80728   53.71456
  63.88066   48.71544
  59.32170   25.95746
  53.76846    5.89656
  61.86109   56.73147
  64.67849   40.27833
  42.81796   64.83743
  59.22324   32.78023
  31.71319   58.38699
  61.75408   32.78901
  59.05058   42.43184
  63.35338   62.62603
  56.56043   26.03248
   4.10070   53.26972
  46.79959   38.83333
  38.19216   51.76426
  54.53658   13.11727
  53.78418   64.26509
   7.08320   55.91409
   8.08047   44.46787
  33.98822   56.12725
  42.23542   59.29318
  27.26857   64.87626
  10.09647   41.58309
  41.61361   53.23113
  65.96457    1.00963
  50.05848   68.02723
  24.82095   59.20122
  67.85306   12.44584
  41.81071   63.48595
  22.50359   53.01087
  56.91784   23.19710
  51.85791    8.78250
  60.56157   40.80355
  64.44035   40.60617
  26.24719   40.56640
  29.41432   56.76270
  63.28776   31.95028
   9.14226   56.07276
  50.13709    3.32824
  45.02497   47.62626
  40.50406   21.75448
  47.16170   13.29724
   1.20375   68.46582

scenario (a)
1-30 Infeasible
scenario (b)
30.0 336.0
