20
30
25
  25.70760   21.54484
  30.90515   12.42512
   9.65739   36.22879
  10.47886   35.05359
  36.76302    4.19892
  38.82724    1.73709
  39.07493   37.88662
  32.79542   26.20900
   2.21726   27.56643
  25.47142   24.11104
  29.32784   29.24572
  12.75420   33.55053
  16.95740   25.38554
  38.55925    0.22223
  27.53945   35.91867
  31.72028   26.58357
  32.36783    6.47154
  37.11561   20.11541
   7.82318   26.94260
  12.70150   31.59924
  48.35571    9.48888
  51.40368   28.18203
  57.27717   37.18543
  64.32496   27.18621
  37.32078   59.34214
  26.39370   48.05870
  30.14220   63.74650
  63.92426   13.70018
  12.68107   62.80496
  47.45418   31.02102
  57.42387   18.70337
  46.13616   17.38447
  47.77309    2.89671
  59.68164   50.87320
   4.54299   50.04877
  40.47902   64.18038
  42.97902   59.37188
  60.26324    8.43123
  64.10447   13.58998
  58.12735   51.99464
  62.28784    7.50303
   4.42021   53.90688
  26.57740   59.76428
  60.92082   22.91238
  53.92116   44.77746
  64.93863   57.73751
  11.65372   54.45859
  46.81144   24.17343
  60.39947   38.21994
  47.43938   43.76419
  40.79948   30.78116
  36.76377   51.83980
  17.97630   69.97945
  44.39622   28.51997
  63.12191   32.21591
  39.07091   68.95186
  26.54384   59.60694
  29.50251   63.04680
   9.42729   46.76220
  43.20220   61.66900
  32.18429   66.23661
  65.95151   10.63782
  40.45823    4.50464
  63.88969   59.80455
  67.74058   42.02767
  54.56170   27.87125
  44.74247    1.69847
  35.42456   62.76216
  11.86745   53.38814
   1.37716   61.94069
  31.28463   66.17027
  44.46598    9.81554
  66.36442   32.52673
  41.47089   61.47598
  54.44017    4.35713

scenario (a)
30.0 162.0

scenario (b)
30.0 345.0
