20
30
25
  33.36176   57.62596
   0.00915   24.18661
  11.74047    7.38709
  14.90082   27.64486
  31.74140   43.10534
  33.53556   54.81756
  16.35618   70.24939
   2.19101   53.63740
  33.38438   44.69519
  11.23096   15.84812
  64.05957   77.46093
  25.07393   55.38581
  70.11113   71.56853
   6.80354    3.12438
  13.58643   70.25140
   7.86775   33.68861
  76.63116   42.65322
  55.35017   25.24125
  54.92007   66.77005
   1.46306   60.01155
  79.10889   59.85325
  22.43552   63.14235
   8.25808   35.83148
  72.68764   23.48913
  23.02203   10.40229
   1.54936   54.30684
  16.93025   21.24373
  39.32585    4.26900
  45.92941   11.73829
  47.14444   55.98067
   8.18675   33.12448
  55.55201   33.13434
   3.99628   42.87171
  53.10357   41.19113
  75.56758   46.92440
  72.27215   10.99798
  11.14211   64.59130
  31.81415   13.22834
  74.20069   27.82127
  60.06497   58.07984
  70.66449   49.89378
  60.07539   27.91187
  21.59423   71.67090
  34.24730   77.18720
  53.07532   49.73566
   9.17968   75.95914
  35.99297   46.27117
  32.65094   18.96216
  72.27036   45.89436
   0.22963   49.37159
  26.13159   42.16465
  70.87537   28.58158
  72.68281   49.86881
   1.26570   74.35498
  55.27175   79.78583
  13.78724   10.97086
  74.60764   55.74545
   5.28001   60.43704
  60.31010   73.84196
  56.92198    9.94168
   1.59041    2.09688
   2.26452   19.69689
  68.80224   43.10649
  44.22576   67.36247
   9.93387   22.33469
  46.86074   77.56766
  44.88242    1.49178
  64.05061   18.63794
  64.56842   31.02885
  69.08335   59.76973
  44.49922   10.91642
   4.79342    9.70748
   3.56415    8.59953
  18.05675   57.03912
  44.77736    1.00448

scenario (a)
1 Infeasible
2 97.0
3 97.0
4 96.0
5 96.0
6 95.0

scenario (b)
1 321.0
2 293.0
3 289.0
4 286.0
5 284.0
6 283.0
