20
30
25
  16.67684   38.53448
  33.64304   68.73456
  13.69292   27.10912
  21.64263   55.28331
  17.63236   64.95607
   0.84215   44.89630
  65.09809   59.60802
  15.12891    0.49127
  61.76351   76.62657
  56.15503   23.80626
  61.43942   55.05747
  30.97468   49.21647
  34.20442   46.74317
  56.21084    8.95161
  73.86159   79.11090
  54.19286   63.61318
   2.32611   14.22073
  69.99422   59.59457
  40.64721   10.26671
  38.74274   41.26188
  24.90117    3.65292
  35.01445    7.67077
   3.61681   54.78630
  67.93526   10.01657
  10.32512   37.84480
  15.80468   62.52982
  48.59311   35.48001
  78.56233   56.71643
  17.49843   13.39906
  43.10124   25.07366
  72.92296    6.90045
  25.12592   17.53099
  58.93330   66.28323
  59.56516   14.20296
  68.67626    0.44099
  28.61145   76.25186
  75.34211    1.84392
  53.84128   13.12915
  45.45059   19.36984
  12.62847   40.28503
  45.74361   37.59619
  40.65338   25.90013
  70.91987   20.14684
  68.96702   50.81570
  55.77785    2.43629
  52.58490   79.94579
  40.52364   74.61166
  35.26423   16.00229
  64.30829   64.61376
   4.63623   63.22448
  36.00333   68.09686
  28.99335   16.19421
  69.77516   48.21664
  66.54822    2.29861
  56.34373   61.03967
  31.67497   15.47490
  13.51385   71.15967
  58.47537   70.97552
  21.36355   53.10555
  34.79896   41.17348
  45.23184    2.76120
  69.79091   28.00603
  43.11211    0.59271
   3.91644   74.66414
  16.96823   57.98726
  31.84441   58.88646
  52.09101   74.00283
  49.12868    2.96737
   9.24611   60.51554
  36.14231   48.37400
  69.09648   40.03052
  65.35599   51.93111
  36.68733   18.31720
  66.89978   40.83063
   2.13735   12.36935

scenario (a)
1 Infeasible
2 93.0
3 84.0
4 83.0
5 82.0

scenario (b)
1 234.0
