20
30
25
  76.80138   55.96096
  79.98938   17.60538
  28.88451   59.18728
  79.71646   25.30776
  10.92357   30.71840
  25.64154   29.31318
  56.77213   72.01139
  42.72924   19.78350
  53.74453   44.93833
  43.40479   71.47581
  67.42236   24.48101
  50.49358   54.41911
  77.63420   71.48537
  75.39407   51.37804
  49.17181   18.21466
  38.88255   64.57754
  67.53761   42.77447
  60.62384   39.97415
  68.02623   49.57574
  68.92913   18.53578
  32.17747   49.95000
  11.44294    9.82388
  33.34639   44.55064
  75.31353   32.74072
  58.94012   79.63605
  73.33315    0.16186
  77.70654   71.12385
  55.95909    7.80197
  45.87432   65.60297
  44.87128   28.06100
  43.47998   70.36713
   9.12773    2.51510
  76.22480   23.09948
  35.35593   20.72172
  47.75132   52.42288
  22.05564   68.63780
  71.09793   22.80485
  52.76483   77.76962
  63.74993   14.35715
  62.77384   77.61023
  29.02494    7.03089
  27.50667   45.68877
  13.24101   50.52928
   5.24524   73.02994
   7.09232   15.95101
  37.75622   35.27977
  61.24411    1.01948
  54.45304   22.04821
  48.31839   43.67783
  16.78318   10.88982
  61.53301   37.96674
  41.52905   75.53544
  51.48203   35.06003
  37.10302   19.90652
  20.54075    1.83953
  74.59241   31.38072
  51.86299   28.53916
   8.83523   35.88466
  37.51391    4.65167
  65.32830   23.14730
  52.08731   12.29645
  42.26169   54.57188
  56.94397   59.40933
  46.29875   30.43998
  61.20397    4.09890
  72.98690   34.96344
  50.87612   65.71366
  14.09682   44.14332
  43.87253   73.62625
  66.66295   52.80152
  55.17590   22.89966
  72.14951    4.41791
  33.68769   62.95165
  74.18271   12.59526
  44.68674   36.09374

scenario (a)
1 Infeasible
2 76.0

scenario (b)
1 234.0
2 233.0
3 232.0
