20
30
25
  51.53148   30.45988
  53.04383   13.09206
  77.00863   27.73295
  79.34008   18.80463
  46.85554   32.53521
  10.89875   43.53090
  41.45411   61.34841
  74.70801    7.17627
  15.66170   79.53549
  18.81444   19.11891
  50.32799   58.79621
  55.06755    2.49046
  72.20111   22.91483
  44.44901   30.11362
   2.12995   39.53193
  66.77721   29.35899
  41.23057   37.79033
  30.89217   59.53096
  26.81937   47.63506
  25.29067   27.70003
  19.58654   55.83601
  16.96647   21.38345
  29.91153   45.84708
  73.38865   65.51807
  13.05447    1.93238
  62.77229   21.18859
  27.14936   65.14957
  64.59638   39.48493
  67.62500   29.21520
   3.82647   21.13166
  37.10937   55.46840
  25.07494   37.00294
  65.57501   54.75928
  25.92271   46.14496
  50.61200   47.71693
  11.02615   49.44008
  39.47710   11.48897
   2.46575   75.13246
  20.54702    4.57077
  31.01666   28.56774
  78.91073   75.16725
  46.62202   79.44825
  79.19316   69.20451
  12.93746   29.47922
  24.53813   27.26906
  23.23822   51.02913
   4.05232   74.81474
   2.06759   42.53112
   5.72830   55.31956
   9.36700   15.48100
  72.99052   24.85699
  25.25140   64.56241
  32.79685   40.95547
  12.12850   10.74802
   1.23648   30.32106
   7.73196   35.37493
  17.33347   66.15219
  54.38286   21.55439
  76.55302   78.67138
  23.74221   49.55892
  13.67130    8.13133
  72.24370    3.92473
  11.66180   31.94196
  47.30252   54.18784
  79.09268   27.74007
  22.91167   56.41374
  34.30466   65.60739
  69.55356   62.42783
  16.51869   68.12137
  29.46678   72.02050
  23.51289   51.05026
  63.15285   18.33039
  57.80571   22.06329
   4.03446    2.48534
  55.75852   61.78621

scenario (a)
1 Infeasible
2 Infeasible
3 91.0
4 89.0
5 87.0
6 86.0

scenario (b)
1-30 Infeasible