20
30
25
  39.56813   18.24665
  20.43791   31.70639
  30.18521   79.72594
  32.65578   61.75152
  60.84294   24.80075
  27.72330   28.14119
  11.63735   77.81317
  72.73428   44.79657
  25.08726   71.05600
  53.96585   31.28700
  40.57473   41.92828
  74.24007   45.70985
  53.46701    4.18070
  26.16458    4.51213
  14.38622   74.07465
  75.04122   57.12742
  58.61501   36.93981
  74.50634   32.51362
  54.65646   51.99327
  47.90121   17.76315
  54.58857   70.24450
  63.73738   34.56018
  73.43026   62.54669
  58.06002    9.98838
  73.30468   31.01688
  23.59436   49.33851
  37.42770   20.42711
  67.11967   14.28954
  18.16913   52.79012
  38.32930    5.87579
  11.11681    8.98457
  38.22280   43.22370
  76.64568   46.70338
  42.13313   73.78102
  73.54056   20.16071
  54.61061   77.14209
  18.15693   57.28138
  63.82081   74.94010
  68.29780   33.72366
   0.43519    2.78923
   1.11243   47.11279
  30.63945    9.18552
  69.15632   65.73256
  58.99933   67.22753
  32.12233   59.88960
  44.77036   49.05901
  23.84813   48.19033
  34.05415   43.08355
  38.93839   39.99133
  73.39676   21.03016
   3.97581   37.01536
  32.65752   38.96348
   5.64126   46.56869
  78.96174   16.72708
  16.99009   76.89080
  56.55633   47.43746
  30.46819   51.09924
  40.19429    7.18345
  23.77397   66.25154
  14.03648   72.35916
  47.06519    1.32276
  29.60177    3.37036
  10.18244   14.34146
  13.31669   70.69508
  72.47616   18.83208
  32.58079   37.69281
  66.41872   23.36061
  13.90628   36.65145
  72.19433   47.59495
  33.00907   32.45207
  24.67873   25.43030
  33.20688   51.05337
  63.62156    2.96267
  58.76329   61.80567
  19.55396   78.80615

scenario (a)
1 Infeasible
2 Infeasible
3 83.0

scenario (b)
1 236.0
2 235.0
