20
30
25
   2.70038   39.12860
  67.68681   32.91216
  50.51323   23.27546
  43.42402   18.25451
  19.22211   76.27660
  51.66483    1.42857
  79.69007   58.81556
  57.75540   32.83972
  16.30242   76.96820
  17.95768    3.82262
  70.70777   71.13057
  77.02255   48.89397
  78.86511   32.24719
  12.55327   46.99593
  30.76185   23.51234
   1.40614   37.34881
  72.80531    8.20159
  34.28909   10.46931
   8.96081   74.30685
  49.54205   21.67334
  58.78983   15.11857
  22.58994   23.31737
  41.41038   30.86890
  18.55428   64.49926
  56.61465   67.97744
  29.10893   26.85245
  74.39288   61.92024
  47.26684   71.00999
  54.37865    1.42668
  64.00421   53.12476
  23.91323   42.17336
  15.64388   15.01997
  60.81518   43.36235
  69.42580   13.52561
  22.34494   41.08649
  41.54708    3.13691
  58.58090   21.52781
  72.66368   70.34244
  27.74755   27.77144
  52.62857   63.36983
  31.37614   77.66645
  56.53448   68.36731
  73.72516   40.75780
  59.62735   10.61787
  25.85219   74.08010
  79.96693    7.47570
  73.63879    2.81102
  10.25731   70.51843
  66.07412   38.42025
  14.64055   53.76564
  57.97284   53.98804
  76.68030    4.54633
  74.67653   14.61653
   4.73997   70.86942
   9.80831   47.38528
  77.15283   28.43738
  38.93154   47.60997
  72.69823    7.27490
  16.79170   69.34270
  73.20588    4.74053
  16.87086   47.05805
   8.96071   16.24310
  33.37787   52.55859
  34.51920   25.96183
  19.53334   79.06449
  48.99545   22.88784
  17.81909   64.19955
  40.62878    0.60459
  62.41454   41.96462
  26.85030   12.69455
  22.30513   73.25491
  45.39456   58.30898
  43.12247   13.30311
  53.94732   15.31191
  43.14640   60.40374

scenario (a)
1 Infeasible
2 Infeasible
3 99.0
4 94.0
5 90.0
6 89.0

scenario (b)
1 Infeasible
2 262.0
3 259.0
4 258.0
5 257.0
