20
30
25
  58.58138   45.37512
  24.09791   62.44663
  39.82994    9.51281
  31.08476   31.57142
  27.00205    6.60406
  29.21582   32.71131
  74.66117   23.35938
  67.09131   79.13744
  33.22194   55.76715
  76.79435   35.11893
  54.91874   23.77215
  78.23376   55.46573
   2.54294   10.48620
  21.14431   70.95312
  68.66795   52.01981
  65.37612   43.87556
  41.67851   48.23535
  14.10765   77.56877
  13.36660   37.54060
  41.63494   64.03877
  78.77781   57.44055
  34.07943    5.32789
   6.24813    1.41479
  35.07942   13.24644
  16.24043    0.43402
  66.91054   48.62883
  39.25954   26.64207
  58.26875    2.69904
  22.33657   15.27044
   7.54440   28.78549
  20.41559    2.97163
  16.46940   28.48708
  39.10356   29.70589
  53.01342   36.13270
  34.84067   23.80891
  26.23232   29.60080
  29.45971   25.57780
   0.81868   55.24566
  13.82226   45.84078
  58.45062   11.91648
  64.20900   14.99374
  58.48515   57.60397
  43.63432   32.03896
  53.91812   79.38251
  23.04580   11.80083
  23.17072   21.71516
  53.14214   71.06485
  76.61882   26.17283
  75.23134    8.07211
  50.85834   32.27400
  55.93401   21.04142
  21.85851   79.10448
   3.42107   17.16066
  63.68489   12.09293
  49.07215   27.19147
  74.64757   40.80857
  27.98551   36.62774
  16.05099    5.03549
  69.30970    7.84425
  18.31656   72.12366
  29.63751   46.69733
  40.39979   55.53308
  62.44420   19.18679
  79.51607   62.19430
  43.77723   79.24617
  74.94701   58.39989
  54.49078   20.85690
  55.56696   34.52082
  29.00871   53.71370
  59.17965   50.03217
  30.62431   31.68110
  69.51221   53.53877
  35.38238   68.67820
  31.23613   48.80939
  34.02711   13.19702

scenario (a)
1 73.0

scenario (b)
1 227.0
