20
30
25
  43.47240   22.26955
  33.96141   67.58209
   0.37751    9.72553
  53.65993   66.06822
  10.93653   46.00747
  71.30576   16.73617
  14.82626    8.67015
  17.57580   78.28990
  64.93465   13.75528
  65.29798   21.92590
  34.53633   75.20239
  65.41195   26.88896
  14.03284   29.82656
   0.45508   20.19411
  63.65300    1.22040
  47.90747   48.30436
   8.41181   30.55548
   2.91808   71.23293
  78.47367    4.79536
  71.24368   46.15212
  59.39838   50.41471
  46.54738    1.63513
  16.80213   43.57479
  61.52921   20.05562
  22.87166   68.19161
  78.00052   70.78826
  28.76063   47.90872
  28.38365   27.21522
  14.24648   19.01554
   3.58898   40.43451
  30.10020   47.42443
  50.39535   11.40803
  74.70730   75.71039
  48.18373   31.02130
  29.05504   16.34762
  22.14120   19.72287
  13.88864   77.32878
  76.56101   47.83789
  58.50406   27.23082
   7.36445   37.07984
  40.69591    7.07681
  42.24282   79.37264
  31.60287   26.84772
  64.43604   60.34792
  25.04532   50.72293
  43.23237   23.74350
   8.86303   25.01122
  36.55833   52.71521
  20.34060   51.28810
  16.00989   52.60998
  62.26314   62.36787
  48.82625   24.72003
  55.81879   68.76946
  50.02590   78.59263
  78.12001   13.33553
   1.85425   12.85956
  73.87975   76.28399
  16.87827   28.84202
  43.95002   21.74647
  36.84813   55.69293
  40.02847   57.28568
  42.07647    0.11192
  31.57602   39.37336
  32.23043   28.34386
  40.04915   35.61413
   7.23462   21.88503
  75.47817    2.12357
   3.19990   22.65123
  46.58753   79.27142
  79.41138   79.44939
   8.80387   53.15852
  41.91895   13.85199
  75.43682   19.34881
  79.91458   46.61551
  14.66232   30.94763

scenario (a)
1 Infeasible
2 Infeasible
3 112.0
4 98.0
5 95.0
6 92.0
7 91.0

scenario (b)
1 Infeasible
2 275.0
3 269.0
