20
30
25
  75.41213   46.33103
   4.68998   72.71603
  51.31405   75.01984
  10.46786   45.75349
  71.02682   78.75338
  41.86521   51.91402
  67.33344   49.04609
  50.21328   72.92915
  71.67442   31.11402
  52.21221   55.55637
  23.74660    2.90845
  78.93153    7.14077
  38.85617   32.31293
  59.67292   24.84460
   0.31712   26.40143
  68.06460   34.56212
  79.17945   10.96854
   2.52167   14.67791
  29.75121   42.88618
  49.19801   37.65595
  19.62549    6.89650
  76.34070   56.77257
  63.55356   35.38239
  66.99022    3.05040
  53.64655   13.60544
  73.75669   17.23626
  35.01328   26.48619
  32.72624   11.47801
  77.47889   79.25460
  21.05245    6.14673
  22.45837   65.82058
  52.05161   46.70770
  58.71634   16.38974
  23.20085   74.14245
  32.61610   54.87969
  45.68689   37.71655
   7.85745   11.45788
  75.86689   14.94932
  43.73273   65.79579
  44.15631   33.63342
   7.07472   19.92736
  65.55252   11.91793
  19.12377   43.12418
  43.46187    2.06118
  37.93824   10.33649
   8.04558   42.38476
  22.13063   47.71225
  51.37885   75.07209
  75.43750   16.45210
  61.83677   50.09331
  57.51145   44.25395
   1.28934   33.30040
  55.66911   62.01779
  25.47658    8.35493
  21.74123   43.81918
  16.21865    7.64092
  46.63838   54.23088
  62.04579   47.45624
  31.99454   57.72119
  64.50067   35.58395
   5.20072   40.23337
  71.22237   36.69972
   8.85459   31.58182
  60.45491   56.19449
  51.93281   74.62827
  41.31028   60.65917
  50.92908   47.63068
  46.08133   52.74734
   4.56300   51.35737
  50.17758   12.88378
  17.24597   34.41426
   2.57359    1.45524
   9.87357   20.22499
  14.54125    5.81057
  13.51109   36.54345

scenario (a)
1 85.0

scenario (b)
1 258.0
2 257.0
