20
30
25
  53.56726   72.60597
  53.43419    6.27181
  38.04096   74.81507
  12.10424    2.08220
  15.34379    7.30410
  31.63546   57.39074
  34.05897   37.69935
  13.85166   47.58483
   1.43243   66.53613
  17.86044   19.34196
  64.16991    4.20131
  34.87414   15.24573
  17.90007   69.53481
  74.56810   30.99375
  63.78740   18.40798
  73.46507   27.13464
   1.38555   31.21617
  33.92200   14.26739
  26.58740   72.42491
  55.60712   11.52117
  58.59600    6.96378
  79.03508    4.33287
  79.97477   14.69036
  33.10327    9.22105
  40.48546   27.57583
   6.71177   78.49081
  40.70887   24.95482
   1.82896    3.07228
  45.21604   41.86525
  25.49163   46.00386
  29.29074   61.88218
  18.94441   71.81216
  57.10269   42.11914
  27.09782   14.86960
  41.03314   52.65304
  74.95175   71.08795
   3.63398   66.22522
   0.04286   65.80799
   4.95330   53.40603
  76.68312   49.07405
  51.30600    2.61986
   0.71657   64.72424
  34.01155   36.23347
  65.31498   12.65854
  64.87364   33.72899
  48.82837   38.46468
   1.20991   63.48513
  65.43024   73.46427
  18.06330   21.64591
  33.32913   58.76237
  54.44133   77.07570
   8.89906   38.24229
  68.13437   65.16152
  66.17639   73.28217
   3.88925   64.56455
  41.82088   37.19669
  22.12927   51.19401
   1.54631   29.90402
  31.66486   19.20546
  18.56418   37.41655
   9.49439   13.32111
  68.48085   36.87809
  55.33092    8.54637
  40.83879   71.27219
  26.01884   28.08919
  29.69166   14.66828
   5.63646   76.67787
   0.16281    0.74280
  44.68395   71.01546
  60.85283   45.85426
  69.48932   31.09513
  66.73426   26.52826
   2.22561    7.59109
  16.91439   66.33664
  77.79257   32.36145

scenario (a)
1 77.0
2 76.0

scenario (b)
1 233.0
