20
30
25
   4.21163   18.14894
  21.64244   40.35505
  47.75502   42.02054
  59.30828    1.36829
  75.72733   37.53124
  53.41025   27.55904
  28.81336   70.56356
  58.01465   44.44827
   2.22940   21.87143
  57.59282   72.33142
  45.45438   14.22919
   9.63187   57.96075
  19.94426   54.79503
  61.47697   48.23641
  72.25282   13.79134
  10.41428   63.91352
  14.76743   57.03668
  76.45204   66.52922
  38.04643   78.71626
  77.62999   19.49439
  15.40028   42.25929
   6.96385   36.13986
   4.98804   20.69482
  44.74735   32.89065
  60.99889   14.24681
  68.70958   75.75851
  43.57481   32.82143
  34.78864   76.60329
  70.62591   41.09821
   3.28034   72.62154
  65.83108   60.95273
  55.46419    7.85056
  49.62946   75.90925
  35.98044   25.58181
  44.28182   22.35079
  43.68621   29.01780
  31.98092   45.48406
   4.01320   56.41017
  58.32984    1.76600
  43.32427   66.16531
  52.80754   35.27399
  20.52714   41.71562
  32.70073   77.35622
  79.39104   67.84420
  28.54848   41.85308
  31.61686    6.22429
  78.57806   28.21648
  18.60367   49.85528
  54.12301   62.04069
  51.17193   11.41925
  11.54063    6.18903
  28.00655   25.13204
  63.75943    7.32822
  25.94881   75.40617
  56.36064   31.41812
   8.88133   47.56471
  13.99007   25.63513
  41.19276   38.70173
  62.08796   29.24888
   9.88082   11.04814
   5.67712   79.27758
  54.07934   31.25466
   8.25492   30.27810
  18.34689   66.54610
  47.83848   69.36330
  24.91763   59.16648
  48.27972   12.13270
  38.18862   75.24209
  28.90454   26.50322
  77.57755   74.65804
  43.18305   23.00757
  68.75958   50.65878
  44.97719   30.20261
  58.89513   22.55055
  22.10810   35.86083

scenario (a)
1 71.0

scenario (b)
1 228.0
