20
30
25
  34.87959    2.07410
  43.97300   34.82579
  33.62942   26.42679
  16.37189   49.54168
  23.97237   21.34618
  49.69071   42.33137
  10.76640   41.08625
  14.75519   62.82681
  68.31802   39.53895
  67.72492    6.37164
  40.41969    5.22292
  34.24979    7.72247
  10.17280   47.73962
  18.08096    8.55565
  17.62450   27.98610
  37.42300   16.13946
  51.23254   38.64559
  40.41894   30.95141
  63.49100   46.40033
  12.98389   56.06019
  77.16409   40.00067
  71.16161   27.32909
  45.37153   34.20368
  34.93978   62.12473
  42.84833   76.29938
  43.53665    6.56759
  29.30739   68.06804
  32.50200    2.17619
  19.77418    5.37155
  79.50816   77.64643
  64.02067   48.14537
  61.19679   13.53804
  23.44186   41.92535
  28.52994    3.65432
  78.65228   35.30839
  40.32004   25.88331
  20.77958   30.95119
  66.56135   58.93976
  30.33685    1.04139
  63.79240   21.55110
  46.61479    2.04408
  52.97616   31.00187
  39.76590   33.19247
  28.06975   44.07823
  77.83286    9.02210
  25.06068    3.34382
  59.07198   52.60099
  17.17086   33.34028
  51.50735   52.91851
  13.63817   70.53218
  62.24065   10.71634
  69.51333   59.90223
  63.88685   43.46762
  17.66703   73.47669
  47.36677   27.69903
  21.10228   73.11324
  33.57884   43.21532
  48.67537   66.09999
  49.88505   14.13697
  47.30059   39.14129
  43.83262   55.96165
  19.66489   14.93017
   8.84665   21.92474
   0.82000   50.34878
  23.61378   14.98292
   7.62304   22.70046
  17.19395   22.84830
  37.71279   43.95975
  67.60905   79.08078
   3.90945   18.56946
  51.46491   12.91733
  69.61167   17.39219
  59.34040   52.24164
  63.91084    2.49980
  18.36592   56.37020

scenario (a)
1-30 Infeasible
scenario (b)
1 256.0
2 243.0
3 242.0
