20
30
25
  10.44428   41.20380
  31.54429   52.34211
  22.86504   17.57066
  52.54506   71.19695
  62.99546   55.41256
  13.47649   29.70232
  70.92388   57.78082
  29.36313   64.23793
  58.85013    1.77918
  28.08581   25.56656
  62.23310   75.34667
   1.93949    6.54360
  27.88311   27.20948
  72.31779   73.42584
   7.74584   74.23559
  14.41329   35.90929
  16.08476   30.34389
  67.32710   51.25793
  48.45756   11.25719
  42.38692    8.47970
   7.01037   65.47295
  58.90244   24.40712
  44.70393   57.46682
  72.96289   13.55212
  43.42122   77.53599
  35.56856   11.49312
   0.16858   60.99805
  23.68289    8.01642
  45.76057   61.25454
  72.10714   49.71797
  23.86522   31.02530
  45.63337   75.49061
  26.94031   26.92797
  45.25040   51.98033
  32.31768   32.36121
  43.30844   45.30905
  66.78386   43.46490
  51.78722   43.21597
  29.39021   65.20963
  21.57834   67.84531
  26.95067    6.40422
  18.51835    3.58067
  67.50410    6.16827
  27.42268   79.77945
   3.92487   18.81583
  19.79278   36.23287
  37.66381   21.86614
  35.36470   48.57285
  77.09847   37.58605
  49.97083   17.55269
  73.12478   36.62707
  51.56325   54.02761
  23.07336   32.70769
  57.61954   16.56212
  69.94692   27.36326
  23.38564   41.61360
  71.39289   61.83419
  16.12111    1.17895
  49.96992   19.57554
  23.45451   66.85054
   6.33198   10.58599
  39.49949   47.10184
  37.69260   45.81434
   6.74205   40.76972
  15.13712   16.00191
  12.45418   29.76601
  74.19609   73.32579
  45.92572   10.27136
   7.52029    9.17487
  60.57051   71.55322
  66.28933   77.35690
  23.36102    5.08345
   5.13641    3.01534
  11.79420   33.33667
  56.32141   62.53634

scenario (a)
1 80.0
2 76.0

scenario (b)
1 230.0
