20
30
25
  67.83200   15.11507
  36.04855   50.02778
  77.57981   16.62453
  47.55589   72.91655
  19.65489   61.94430
  50.90214   63.07914
  70.41614   29.24651
  47.47015   40.47152
  50.02283   52.46697
   0.98895   41.79817
  55.63466   73.29181
  37.26137   20.48141
  11.73785   77.52787
  70.79411    6.19481
  44.25764   75.28637
  25.85120   65.69710
  16.68480   35.36583
  23.05519    5.89613
  71.69350   35.99522
   5.13704   27.17195
  71.90237   71.52600
  71.70416   34.86555
  55.76499   32.65574
  17.35643   57.91987
  78.63007   27.56907
  46.62693   62.99322
  13.99037   68.96432
  43.88555   34.55231
   6.25784   77.74816
  30.75575   75.66156
  78.19746   41.06931
  14.90985   56.40978
  41.95628   36.95817
  37.47660   26.30505
  43.06390   28.65154
  33.23222   20.92870
  13.59036   66.12167
  69.98729   37.36426
  74.16312   73.44566
   7.65275   13.52501
  12.59001   61.61122
  15.20081   18.36726
  33.28229   45.78952
  60.04601   24.16649
  16.65630   76.35581
   9.33661    7.81620
  36.32415   34.61520
  64.50545   26.86390
  75.13681   39.65150
  30.89445   53.07371
  21.03996   33.23855
  34.69420   69.51194
  69.56443    0.66353
  21.69751   48.15432
  65.92050    8.31699
  17.28314    4.38893
  22.75474    7.50486
  51.40152   40.96268
  79.37437   34.94155
  16.34262   78.81553
  56.51953   33.71425
  60.69099   43.30514
  16.06272   52.61011
  32.31651   75.89022
  72.07414   35.90315
   2.53399   60.15820
   5.94664    5.13434
  23.22062   42.32540
  27.00612   66.08779
  20.34627   66.85661
  19.07988   64.46989
  43.78905   13.41494
  17.33564   74.47834
  52.66114    8.67640
  53.56476   42.03574

scenario (a)
1-30 Infeasible
scenario (b)
1 232.0
