20
30
25
  40.23719   29.28181
  35.78514   28.95094
  50.85146   43.17741
  27.88934    1.31070
  43.31933    2.09128
   7.87710   67.74520
  66.41394   70.70051
  47.16536    2.46388
  47.28062   14.59417
  50.18800   15.76767
  20.61302   78.57515
  31.80286   43.60894
  11.83767   53.01238
  75.74809   48.70143
  72.97611    4.20603
  75.34466    7.18900
  71.33450   62.39764
  21.23163   27.67966
  38.24704   14.51438
   6.76391   47.39587
  63.18357   25.99313
  50.11593    0.81994
  65.96896   57.49725
  14.24128   42.10660
  76.72429   23.25751
  73.56004   23.99676
   2.42742   32.55047
  43.52673   65.61908
  44.45695    4.62166
  20.68927   41.34972
  23.26835   45.04626
  42.92322   76.04397
  40.66510   40.94688
  37.97368   52.88669
  56.29595   24.54106
  46.38016   76.17319
   1.77655   32.16624
  70.73327   79.27983
  50.07353   63.56933
  14.45711   52.27630
   4.54429    1.63493
  21.50230    0.17890
  77.54841   25.01485
  56.72273   69.64896
  58.58698   72.62821
   6.61102   75.85767
  76.02000   19.37001
  69.12621   77.46864
  58.46048   19.23660
  30.52987   43.29006
  71.84702   57.93024
  25.02663   26.38606
  79.71827   16.39933
  31.17027   12.68081
  50.60122   52.04887
  70.18834   20.00743
  73.10514   76.66773
  44.28263   59.31828
  78.97495   24.80158
  52.60031   64.36072
  10.62700   21.19960
  26.68736   22.50786
  36.91427   48.11891
  58.88696   76.14574
  32.04601   26.50681
  75.00781   56.28079
  60.61937   33.16146
  58.40639   48.65555
  20.42554   38.54396
  59.75659   63.37407
  30.03926   20.09937
  28.03428   21.46820
  28.01582   21.82502
  24.27188   60.49069
  74.94700   55.23488

scenario (a)
1 Infeasible
2 94.0
3 91.0

scenario (b)
1 268.0
2 266.0
3 266.0
4 265.0
