20
30
25
   7.76200   59.08458
  54.30271   19.80339
  62.35694   37.63708
  29.74926   53.56723
  28.33287   77.27993
  47.95631   46.69441
  72.32101   23.64871
  15.71015   55.57378
  19.38895   51.71985
  64.88145   53.55482
  76.44505   25.21096
   0.25574   65.80626
  24.12656   27.37450
  68.60207   55.74615
  67.94459   74.51418
   9.01575   62.36478
  38.95766   61.19202
  57.26423   47.30208
  20.20534   72.06963
  31.00786    4.11755
  25.41075   73.21800
  22.66762   55.48471
  44.32241    4.67804
  34.43747   48.49257
  77.67760    9.77956
  20.82870   61.74934
  76.58342   68.94643
   5.32177   10.38020
  43.52670   22.66524
  19.35338   48.31125
  14.55417   30.35108
  50.20666   64.74127
  49.52527   15.64672
  48.33946   12.61919
  28.40175   73.02369
   4.31851   19.26434
  33.47766   63.12447
  59.63924   43.61905
   2.82163    2.29800
  44.15661   56.19507
  47.86416   44.48110
  72.30098   18.53728
  62.33857   46.44014
  28.71676   56.94324
  41.51947   71.42714
  13.75316   18.69047
  68.92652   22.29221
   7.16891   24.50317
  76.59541    5.97129
  41.21032   26.24432
  30.07852   13.20691
  79.11939   72.57185
  52.68289   35.27622
  30.88854   26.17528
  44.13225   77.81986
  16.36997   32.23180
  77.05194   78.41061
  22.52828    1.21196
  71.95274   31.10447
  39.44000   43.22895
  24.30414    7.36007
  34.12029   40.27915
  78.95062    8.12258
  48.52463   60.52091
  70.18274   60.10400
  22.22855   53.44783
  19.02019   58.85058
  46.36037   60.18976
  67.72574   74.02647
  64.40959   42.54145
  66.47773   22.06304
  29.17844   57.69512
  55.29428   46.84394
  68.32611   70.52019
  68.26008   34.00460

scenario (a)
1 82.0
2 78.0
3 77.0

scenario (b)
1 239.0
