20
30
25
  11.95753   71.37725
  46.65325   71.97921
  27.91244   11.87390
   9.46991   34.12055
  58.05475   76.84493
  27.76647   30.56130
  70.75038   74.53822
   4.23592   58.35116
  62.09184   45.55167
  69.22170   78.77767
  33.79585   20.10491
  43.15125    4.74533
  39.26371   64.21144
  56.76271   37.60902
  11.90976    5.60285
  41.81288   41.87140
  45.14669   18.29457
  50.31827   18.86590
  30.19225   45.98395
  30.96065   43.95369
  37.16647   45.40747
   8.06100   71.40158
  54.74915   45.05355
  71.15940   15.23379
  42.47752   11.90873
  78.25561   30.76384
  57.73376   68.96984
  65.52831   59.51514
  61.33077   59.13374
  69.31722    4.49272
  51.44721   70.81901
  21.36927    9.19734
   6.77306   29.58555
  60.28805   20.33998
   8.70520   36.91018
  11.40109    1.76400
  51.68540   49.95683
  79.27126   52.32752
   5.40849    1.34453
  66.05242    9.87506
  56.78624   64.40898
  46.47698   46.15581
   8.08910   40.39525
  27.57627   23.33385
  72.08611    9.99217
  14.93588   10.69476
  48.16280   52.57267
  23.76816   73.54353
  70.67347    6.25860
  62.96932   34.88673
  36.10728   29.76635
  24.36329   29.99396
   2.10089   14.46039
  44.79158   47.43416
  46.94914   11.26820
  38.71335   14.68514
  52.65443   46.31769
  34.22837   52.12754
  56.79553   35.57789
   1.33778   64.89061
  59.07249   79.93773
  63.14360   68.74348
  60.61516   56.45481
  17.31752   29.03082
  17.94626   18.68745
  21.06892   24.94001
  64.49593   64.52450
  17.26201   78.04232
  46.99364   24.57157
  54.92542   13.61649
  26.25178   60.46123
  44.26176   62.73930
  22.17434   35.72332
  28.72527   73.22432
   3.12194   13.27107

scenario (a)
1 65.0

scenario (b)
1 222.0
