20
30
25
  16.61083   62.55936
  48.55191   27.68232
  32.34240   35.66899
  58.61311   25.40988
  10.75139   65.25608
  78.63284   19.42263
  33.84029   36.69698
  52.14305   65.31514
  26.02494   46.90895
   8.47777   75.76425
  75.48252   73.89983
  13.33441   72.41440
  50.64260   56.24878
  36.61451   37.01194
  50.50083   30.24093
  48.38350   25.23656
   9.21466   67.77836
  14.12306   65.11969
  37.17239   42.22679
  77.63249    6.32748
   4.50242   22.79607
  70.40329    4.77108
  53.86716   60.60373
  74.96418   66.45425
   3.33990   75.63892
   5.46952   42.36153
  56.66069    2.16937
  45.79577   76.47503
  22.39950    6.19088
  20.44125   37.78962
  49.05814   31.22580
  38.34915   52.23949
  20.78557   53.91799
  71.55583   50.15521
  38.36671   78.31921
  57.31223   56.31490
  12.94878   21.91709
  72.53645   70.78994
  67.10665   42.32284
  59.56530   66.10840
  26.19970   33.31456
  70.88323   70.56436
  68.53728   40.97908
  22.78970   13.89601
  73.04319   42.92410
  59.80244   38.47316
  41.84216    8.34843
  14.36671   12.59660
  72.04658   28.16509
  23.16452   51.57218
  23.27131   66.56352
  56.11077   43.76710
  79.93120    1.98364
  19.38208   39.62208
  72.87734   12.91966
  74.83858   14.19179
   4.78638    8.26070
   4.73811   19.20992
  67.69824   42.86978
  29.80721   62.77888
  25.12638   38.04177
  56.05309   35.56144
  45.79845   60.20377
   6.19785   74.85899
  26.02726   13.80097
  76.80672   11.77233
  37.09726   52.02122
  21.65397   52.29867
  59.51485   62.67676
  52.65795   18.05603
  55.07864   59.08688
  20.86366   70.69068
  11.86260   35.81417
  25.35635   41.67915
   6.56487   36.82306

scenario (a)
1 Infeasible
2 Infeasible
3 97.0
4 94.0
5 92.0
6 91.0

scenario (b)
1-30 Infeasible