20
30
25
  74.38612   64.53249
  50.51484   59.38341
  60.72244   11.24608
  25.94446   19.93773
  40.68767   38.92522
   9.26733   20.92429
   4.16762   70.59127
  74.48228   40.84972
  40.16158   70.41726
  68.84079   55.81220
  77.21403   57.01021
  39.96190   37.58646
  36.18967   46.95105
  14.17773   47.86006
  51.15399   12.52798
  17.95217   69.05443
  24.68883   64.75079
  40.95388   21.94996
  42.61647   11.67102
   7.39955    2.93427
  52.93973   37.46592
  46.54599   38.78250
  37.81461   47.75797
  17.02018   40.91954
  54.53400   78.26842
  48.68002   78.44979
   2.77267   47.63381
  16.38310   21.34110
  12.30256   52.90593
  48.00197   56.42026
  14.07729   26.71448
   8.04203    2.73399
  78.20642   16.53110
  72.40934   62.66773
  56.87685    0.75977
  66.23984   39.37351
  73.29651   64.19795
   9.88811    4.46613
  72.24610   18.17728
  11.51113   17.72621
  38.64226   63.54647
  59.44779   30.76827
  35.81780   30.87737
   9.52789    5.16831
  67.30821   78.61706
  33.27107   79.33048
  51.97515   11.82266
   5.58648   32.56240
  18.01742   58.14144
  54.99231   26.92521
  65.63794   18.98583
   5.45463   56.68232
  79.31756   58.03033
  27.98844   51.58782
  20.93736   40.92870
  71.18318   59.40072
  55.73611    5.02005
  35.50033   73.17724
  34.83342   13.39030
  48.60588   65.64012
  18.04506   21.84777
  37.39637    8.15158
  23.19272   64.59668
  27.64257   41.16880
  18.44531   44.50584
  30.99985   31.31804
   8.40580   74.17988
  76.41594   23.33127
  65.88860   23.15666
  37.22293   74.25238
  54.35273   63.21821
  62.19270   68.61519
  51.28068   75.68399
  26.76861   49.12323
  78.95232   29.67119

scenario (a)
1 70.0

scenario (b)
1 227.0
