20
30
25
  31.37224   57.64859
  44.67644   61.31962
  75.34250   18.57901
   5.20945   16.14854
  63.05713   12.43666
  34.68304   34.80261
  32.93121   28.36120
  63.63657   79.68394
  76.35859   33.19193
  65.60811   47.14574
  74.66994   18.17734
   6.91711   56.81366
  36.95238   48.30743
   3.66113    8.18771
   2.06722   67.34728
  17.46886    7.14601
  55.65422   74.94228
  44.07096   62.09946
   7.78116   33.66450
  69.51109   56.30653
  40.97291   77.25775
   7.46328   37.80355
   6.04798   18.86432
  52.42920   19.24099
  26.62734   79.37834
  75.04473   77.57088
  28.52747   20.01220
  69.65637   79.17622
  55.38922    5.54236
  78.27515   54.84385
  55.83068   32.68928
  38.05440   77.74092
  50.10809    3.08172
  43.36175   33.93944
  35.82097   19.23543
  46.80741   27.83116
  65.93832   79.03143
  38.93983   72.27053
  17.94776   54.54976
  29.85844   60.82723
  17.76343   46.56312
  42.78470   64.62561
   7.43739   73.39516
  57.95616   62.89908
  14.61349    1.50891
  19.55270   51.33240
  58.26647   43.89166
  15.48871   71.23153
  72.61470   38.19632
  33.81622   10.03477
  34.63001   42.71037
  78.61335   23.88146
  27.79894   76.03047
  12.76358    9.58013
  11.88003   20.81739
  68.23510   69.58224
  69.73630   36.48520
  47.79354   57.78343
  30.48613   68.57586
  40.13905   47.05331
  52.72356   31.57703
  66.60732   10.15159
  22.41583   38.68412
  13.13160   70.29526
  35.31871    6.68751
  62.48827    7.03774
  45.90832   64.33996
  55.11753    2.77192
  41.71760   38.42112
  19.30592   14.31719
  54.45181   18.22022
  73.00891   58.93429
  10.64023   25.25809
  63.45610   21.38633
  69.04519   32.48564

scenario (a)
1 Infeasible
2 Infeasible
3 76.0

scenario (b)
1 228.0
