20
30
25
  15.66582   72.57826
  41.54268   59.05148
  48.64059   20.73409
  65.79051   44.36680
  21.14451   26.94558
  10.66773   72.36437
  77.52073   58.18162
  55.22944   18.00698
  63.24057   34.52153
  60.43938   22.49875
  63.65968   71.26762
  76.75561   36.34836
  77.04841   59.99748
  71.32736   74.27075
  73.03284   26.50317
  21.43267   54.20674
  29.07002   11.57106
  75.28759   46.80215
  59.66103   18.32239
  63.98824   29.64738
  74.05776   79.74308
  29.68509   65.59934
  68.68367    9.75153
  73.41969   67.51340
  56.77225   57.48020
  59.97147   64.44527
  26.27533   66.22842
  75.49219   50.98446
  72.32363   18.93448
  13.75973   31.00490
  19.32483   77.00856
  58.60627   16.64902
   8.84748   10.30501
  63.24994   67.33021
  66.24583   56.86627
  64.25630   47.71292
  36.81463   73.61817
  51.34628   57.50931
  56.88697   45.46297
  32.66189   59.56623
  38.13630   16.27953
  66.93872    5.97183
  51.67494   60.39321
  47.83711    5.53222
  13.30587    3.29336
   4.27461   23.83321
  63.87149   12.27806
  12.40131   68.64877
   5.85575   43.20313
  65.80147   22.46417
  77.91029   35.28931
  50.92017   70.58378
  54.47745   42.71515
  67.69645   59.38971
  68.82205   56.91619
  36.72403   16.03852
  61.99597   72.89569
  44.18198   54.95063
   7.75952   66.65656
  13.90589   33.64368
  38.78941   42.23738
  43.21146   78.01129
  48.95348   35.64058
  72.00660   22.37213
  50.71712    7.04066
  12.66472   69.22039
  58.13119   28.38954
  32.92356    2.64396
  65.37465   10.09645
  60.45674   22.76347
  46.73061   77.70879
  19.02838   56.55315
  74.69432    2.37026
  35.23291   47.51779
  16.68472    3.17998

scenario (a)
1-30 Infeasible
scenario (b)
1 237.0
