20
30
25
  11.55882   56.86025
  70.09283   61.69819
  17.71353    1.44905
  76.41211    2.66863
  67.00840   63.54838
   8.68610   35.64144
   9.31725   53.53273
  13.58505    1.30824
  19.95682    3.29873
  36.48035   33.58110
  60.81970   64.48027
   1.78209    7.61006
  14.91989   59.77762
  79.41619   79.92522
  28.87341   43.60274
  72.15488   51.50726
  46.48796   47.18402
  14.79108   41.78970
  76.36801   40.95517
  23.87187   39.78686
  28.30522   19.59867
  32.38291   45.96042
  74.94189   16.48281
  27.89899   44.08486
   7.83551   78.63334
  52.08155    7.72284
  65.10729   75.05025
  47.04978   42.07875
  40.22846    4.89224
   8.92490   25.56065
  46.90310   78.12433
  70.23645   78.94059
  69.81166   70.62024
  44.79826   55.13385
  57.03155   41.94673
  54.54766   20.00553
  52.62885   49.73067
  53.33735   39.93421
  39.71061   21.47391
  39.91807   74.48466
  16.96861   63.79156
  42.72049   46.61066
  43.26324   45.14579
  62.37222   20.21619
  44.08281   51.13888
   7.36574   72.71451
  44.05669   22.68903
  25.26720   67.28222
   5.91057   70.24254
  69.66955   56.15643
  54.53774    5.87648
  57.17516   78.02521
  47.74600   68.29337
  75.34299   41.50138
  69.43419   16.08084
  26.84142   14.65480
  61.33381   65.12817
   6.74907   20.98031
  35.17122   38.01244
  58.96504   18.62462
  75.93086   37.59148
  45.39901    7.35879
  36.26839   17.21958
  69.77685   62.46347
  36.23999   71.22465
  31.75628   79.68696
  62.55222   62.50446
   9.82452   25.53639
  28.44042   47.83484
  33.73700   44.34695
  41.49859   44.63461
  27.44411   28.36946
   3.19305    2.25703
  64.42027   10.00819
   7.88182   51.84733

scenario (a)
1 Infeasible
2 Infeasible
3 103.0
4 99.0
5 95.0
6 93.0

scenario (b)
1 Infeasible
2 Infeasible
3 271.0
4 264.0
5 261.0
6 260.0
