20
30
25
  77.36239   43.77858
  77.81475   57.18528
  55.81831   17.28716
  78.10196    0.49842
  20.23859   34.78332
  62.35063   15.81481
  69.03946   78.67205
  13.10738   47.78672
   0.71889   30.92570
   3.53280   76.53224
  34.89173   75.91818
  62.90448   69.30314
  13.85323    5.99589
  48.05942   13.43777
  58.67041   32.67551
  42.23271   75.00573
  41.73569    8.65547
  12.65787   43.61621
  41.95233   51.00882
  32.11964   51.98441
  31.75200   49.91329
  61.39240   14.31791
  30.04606   40.20264
  54.93337   20.29437
  44.37927   49.99447
  71.64009   29.02829
  51.00457   15.31571
  39.82353   14.59563
  73.47064   34.54577
  66.41505   33.34210
  72.37341   32.38602
  26.49396   45.77110
  67.63549   68.88114
  47.65505    6.77293
  47.78133   19.63630
  58.60748   71.57210
  41.17872   48.28508
   5.20542   43.20598
  10.33494   49.16503
  29.09203   61.42064
   3.88273    8.78545
  54.72186   41.17230
  45.73131   67.49656
  39.01901   64.81155
  40.81949   74.13766
  53.35422   11.89815
  29.16425   69.26199
  28.02282   15.12206
  37.80970   31.42249
  49.51439   34.94130
  20.87377   32.99778
  33.52272   72.19375
  78.36930   49.88551
   6.65473   58.63990
  54.29483   66.08183
  27.79611    4.71041
  48.94575    9.92117
  60.76236   63.55387
  32.69014   75.50380
  13.90238   75.40687
  37.23917   61.03949
  60.22562   78.49679
  77.86224    3.20729
   1.27770   43.46323
   2.71021   52.59877
  42.79221   53.32467
  35.30726   21.79772
  75.97352   58.26156
   0.50591    7.94622
  50.53538   23.04295
  32.60973   62.52249
  28.33164   74.06469
  57.63617   44.15412
  14.47719   32.76731
  61.03054   79.26375

scenario (a)
1 65.0

scenario (b)
1 220.0
