20
30
25
  55.01593   45.70591
  56.55407   17.75379
   8.19903   20.94271
  21.86107   69.74381
  36.66408    3.94386
  70.75003   37.02955
  24.51639   45.17250
  50.97327   60.58561
  10.39839   43.91396
  74.86161   46.26460
   9.52242   64.85016
  79.63877   57.00796
  25.05479   20.80577
  49.07963    0.00332
  51.29974   52.27880
  53.00635   29.89574
  74.81509   46.25628
   5.86177   15.46789
  21.95576    3.43965
   7.77687   52.24002
  26.24988   49.00239
   6.10029   48.64461
  60.51019   22.15862
  33.84310   72.99020
  32.35614   22.89301
  53.23650   34.80622
  48.58025   56.87510
  11.68228   63.82193
   9.52587   52.15497
  67.38683   10.35455
  11.34547    1.41515
  75.86623   14.77218
  24.12357    9.44992
  34.71764   75.57392
  30.75401   75.29017
   0.95539   41.97356
   1.41438   74.46916
   8.84380   75.03698
  48.96116   56.14881
  75.38968   18.14895
  50.26411   10.60864
  38.01688   38.63399
  34.11463   25.67378
  39.98010   54.22187
  52.35296   13.97143
  47.85612   51.36547
  30.44827   21.50279
  68.61802   34.49940
  74.13754   22.86361
  64.67432   20.06491
  15.88612   20.32438
   9.96083   75.51133
  46.80939   68.34504
  78.32310   48.98592
  63.98197   43.15491
  30.32531    3.15100
  36.64760   68.33347
  22.20487   52.23131
  14.90201   61.46544
   5.99383   66.50358
  61.27684   73.00494
  13.96961   37.77268
  42.50397   25.01997
  35.48531    3.26795
  31.39962   10.54529
   2.21691   46.63026
  75.79005   57.02775
   9.16145   54.26340
  11.51548   63.38195
  18.74014    2.07018
  66.33281   29.80895
  52.21099   48.93441
  37.35922    9.22463
  27.09241   26.63720
  52.12866   41.68044

scenario (a)
1 70.0
2 69.0

scenario (b)
1 220.0
