20
30
25
  17.75945   69.65858
  16.53753   73.48887
  39.07290   48.93951
  61.27263   41.47344
  23.74404   15.01770
   6.45930   59.07522
  35.30474   12.66479
  70.39496   21.92692
  33.13880   23.68639
  50.30303   46.38702
  47.99434   21.26553
  22.77487   20.28706
  26.20512   11.53314
  13.24903   77.11444
  76.81814   15.07317
   1.94452   16.36444
  55.98749   62.36117
   1.83465   46.21303
   0.13137   41.23781
  51.18361   78.84995
  20.72781   64.19975
  69.63865   73.81997
   0.17714   37.55907
  78.51750   31.91558
  65.09860   43.71652
  61.66833   38.79449
   2.32893    6.92206
   8.91630   20.09961
  77.19322   50.54128
  65.33282   45.28656
  50.82850   64.95219
  74.13461   73.01014
  65.98486    7.53622
  28.88387    2.84072
  43.70867   63.69142
   4.09142   15.09342
  29.23822   19.54327
  63.60700   28.16759
  51.11021   39.47320
  46.67998   75.14395
  75.48321    8.93539
  67.48440   27.68225
   8.06618   30.67273
  40.82838   76.88825
  29.72101    0.98955
  68.77655    8.88886
  38.26712   67.99840
  41.17904   35.72863
  64.03811    1.63131
  45.80949   32.91069
  78.81094   64.11212
   4.31697   15.23822
  36.19351   56.23537
  26.56385   28.79866
  73.71765   76.29044
  32.61486   71.88569
  26.42026    6.61909
  42.13741   52.86755
  71.43874   77.21260
  61.59461   60.72793
  56.80392   56.12423
  61.38651   77.94796
  29.89716    6.64436
  19.17124   17.71862
  29.08798   64.82514
   4.80769   35.97948
  65.05364   21.13907
   5.07208   19.36861
   6.80564   64.62219
  13.62001   15.62757
  65.17136   64.82284
  47.14991   73.17875
   4.78573   77.19973
  45.67802   24.20145
  66.05647   52.75338

scenario (a)
1 Infeasible
2 92.0
3 89.0
4 87.0
5 87.0
6 86.0

scenario (b)
1 Infeasible
2 274.0
3 270.0
4 268.0
5 267.0
