20
30
25
  69.87435   77.48325
  69.53556   42.46846
  18.61827    0.91190
  34.43751   32.18811
  41.81397   38.27134
  44.42852   43.47088
  60.87165   56.98997
  49.57457   34.08734
  23.12600   77.90842
  26.70192   17.50408
   5.26467   78.62964
  10.22846   25.77046
   5.67543   17.98160
  31.49079   71.69160
  27.63693   78.77995
   2.29856   28.13478
  30.47671   61.13281
  75.10431   25.57518
  34.59807   21.61166
  64.08447   51.05910
   5.49521   48.29156
  63.64596    2.56065
  36.43583   63.21380
  79.08772   46.71716
   3.11298   35.71383
  15.05380   50.16445
  17.22542   12.07761
  42.89154    8.03094
  58.49267   75.17208
  75.46545   29.97908
  47.66002   52.95862
  40.84644   37.67141
   0.70978    5.43171
  34.78530   34.51949
  14.87069   42.37643
  47.92690   57.67396
  24.51167   32.35164
  65.82259   46.97043
  56.52124   40.84658
  66.40493   57.65424
  69.30093   16.27278
  23.88279   38.06432
  39.48836   48.61409
  65.51485   42.21791
  75.13633   57.87067
  14.30056   49.57803
  44.98267   61.07237
  64.53171   23.89002
  11.07078   50.83183
   0.66467   63.08666
  40.16619   79.76949
  78.72325   18.16629
  67.99658   65.02540
  18.89075   52.54826
  78.17368   58.52548
   7.65027   40.04849
  36.98881    0.05951
  79.11512   70.20960
  17.37689   48.43020
  37.75625   28.72871
  42.34340   45.18585
  66.68392    5.02507
  48.50933   40.28902
  12.82390   11.63564
  51.02727   70.63249
   2.62926   34.24175
  70.23145   38.12057
  29.40564   19.25202
   3.85854   14.01334
  44.54203   42.40684
  43.53772   23.92422
  69.23392   67.75572
  37.25603   60.10866
  62.68565   29.44775
  14.18505   20.22964

scenario (a)
1 Infeasible
2 Infeasible
3 Infeasible
4 82.0
5 81.0

scenario (b)
1 240.0
2 236.0
