20
30
25
  62.21619   19.00330
  65.94228   77.25994
  77.80809   36.27594
  48.72340   62.04212
  51.32907   57.76146
   2.80292   23.87596
   4.68100   68.56488
  29.82832   54.38784
  20.50240   27.80650
   0.75302   28.66670
  75.92753   17.43192
  25.55131   73.42179
   2.55229    5.20676
  50.38632   69.90508
   0.69726   59.72618
  65.02729    6.05740
  52.51643   40.74098
  38.39067   76.44593
   0.00096   19.75830
  56.97861   25.96656
  22.15971   55.63564
  73.48414   19.55806
  36.64687   20.23941
  30.34666   48.36311
  61.79030    5.43340
  54.88681   43.86081
  11.03888    7.90026
  19.64473   12.14293
  74.07956   54.40840
  19.01271   45.51082
  44.53056    5.81898
  67.17668   32.42556
  11.58968   15.27360
  39.25121   56.96195
  78.79508   69.98292
  39.92333    8.54240
  73.05702   29.19328
  18.12703   69.79455
  10.90867   18.91041
  47.63194   45.11381
  76.71478   36.25915
  10.31665   60.84541
  16.13073   14.05839
  34.96944   27.22086
  77.38025   11.44209
  67.56468   53.55249
   8.74439    7.06028
  77.31696   15.54380
   6.55200   21.55078
  52.01044   43.74218
  55.73799   77.04785
  22.21772   18.69012
  67.65376   17.93700
  55.11250   12.27957
  16.28785    5.40791
  59.95886   14.40635
   9.94086   17.98458
  22.35676    2.70574
  20.35193   53.50838
  60.79353   18.08115
  48.94797   72.98049
  43.32885   29.91561
   1.05605   66.34542
  65.32492    6.37761
  13.73402   67.05192
  45.13282   27.98258
  11.60024    7.88153
  44.81451   56.80527
  76.06968   59.84411
  29.77968   60.67818
   5.68588   49.74763
  57.65712    3.34469
  31.61935   12.90711
  22.08665   18.12027
  24.37471   10.89867

scenario (a)
1 Infeasible
2 101.0
3 87.0
4 85.0
5 84.0
6 83.0

scenario (b)
1 248.0
2 247.0
