20
30
25
  17.86329   41.85307
  44.05612    3.64816
  28.85831   17.84648
  55.09809   13.09851
   5.62599   75.28087
  45.09451    6.23939
  57.81124   12.67617
  20.02250   23.47898
  55.72886   37.14113
  17.20497   35.74610
   9.67030   73.41496
  45.31571   37.76155
  25.16531    3.45726
  60.19559   43.46152
  61.37523   63.23590
   5.77771   52.77727
   4.26395   54.80196
  35.46808   37.43969
  52.88475   55.19733
  21.06636    0.91831
  61.70356   65.29139
  11.17133   46.24054
  27.25394   18.57724
  15.89150   21.71926
  78.14822   17.23432
  28.51259    1.47200
  49.34322   18.43243
  59.38814   46.74002
  33.60828   56.74023
  77.76364   64.80313
  34.45241   76.61829
   3.82065   58.62254
  54.05332   42.16041
  45.35900   57.83562
  54.60827   63.62501
   9.02764   15.93301
  57.70554   31.50939
  27.13483   12.27565
   8.04592   32.57977
  46.63324   59.25764
  69.62887   77.32209
  36.44519   32.03384
  23.91517   66.26881
  72.78729   61.29093
   5.46518   48.48212
  75.13729    8.17141
  78.20316   28.53510
  52.33497    9.82286
  76.90818   52.09451
  74.93422   72.70618
  34.96062   74.66088
  56.49738   21.37093
  14.38131   52.44427
  65.76223   72.63271
  50.09406   13.02180
  22.53170   47.05673
   8.93995   21.56178
   0.15875   71.72507
  74.42620   27.21872
  33.80648   53.61571
  48.89909   52.87384
  40.56502   50.79786
   8.65930   76.09606
   2.67452    7.76072
  67.75574   48.98950
  56.01212   44.02081
  64.91211   51.55057
  15.79817   61.86581
  27.56834   68.03282
  27.30385   77.74133
  17.87437   51.07199
  10.98857   10.35193
  52.10206   57.39331
   7.95904   46.20205
  33.16263   10.81488

scenario (a)
1 Infeasible
2 Infeasible
3 Infeasible
4 93.0
5 90.0
6 88.0

scenario (b)
1 241.0
2 240.0
3 239.0
