20
30
25
  52.02994   40.43627
  70.28812   14.54722
  68.17865   60.01090
  53.28813   79.03164
  20.55747    2.26447
  50.85753   67.78499
  58.89397    1.66457
   8.92825   23.81790
  54.95762   68.93008
  15.89075   52.57512
  55.97245   28.19140
  63.19684   65.12384
  15.79370   75.95642
  38.12803   53.32803
  16.90496   64.60211
  25.57489   23.51488
  24.15345   66.23115
  44.20270   15.33419
  57.14054   51.18963
  42.65631   45.80223
   0.98660   55.61904
  42.77274    6.33078
   1.09100   22.22824
  79.79082   18.04805
   8.40123    1.30406
  27.33020   64.65584
  17.38557   74.76840
  79.07983    0.88134
  62.79222   54.82909
  41.25152   21.52905
  53.18252   62.16996
  38.05326   79.02290
  39.69963   53.72177
  34.42074   20.87822
  75.53571   54.97050
  52.77243    2.82951
  72.49590   33.49963
  38.07548   10.85070
  28.97943   26.09309
  11.84143   63.67086
  41.85937   71.53395
  63.55326   50.34825
   5.37016   62.98160
  30.31408   37.64979
   6.32805   12.27332
  30.17474   28.10027
   3.80041   18.98601
  15.71560   30.91605
  66.70326   61.99570
  64.28274   15.31862
  52.69821   42.91721
  38.08212   51.79124
  39.06146   43.14761
  73.52903   36.44450
  50.93940   48.26877
  20.50826   60.73429
  43.28680   23.31544
  69.36746    0.93193
  23.45501   79.11065
  38.82032   46.72163
   1.45312   71.24827
   9.70556   50.89102
  70.89236   12.05808
  31.57817   43.91377
  37.79781   59.70848
  46.20061   43.13097
  33.21735   21.07939
   3.23728   65.27901
  52.75046   19.42855
  53.16221   61.51052
  42.38228   67.67253
  26.11286   11.89931
  62.68194   70.53860
  65.55125   39.94376
  34.59309   26.22646

scenario (a)
1 Infeasible
2 73.0

scenario (b)
1 226.0
