20
30
25
  47.05046   71.81710
  71.32246   65.26700
   2.87117   55.34061
  30.29448   41.48088
  52.63612   15.50802
  21.78531   57.48847
  62.64029   68.02621
  62.01959    2.93314
   9.33550   60.10246
  19.13746   20.38448
  68.61004   75.98232
  44.93495   14.30244
  61.62015   39.39048
  50.50025   67.15983
  36.88315   39.83521
  54.35289   52.06287
  21.50362    5.38597
  61.71561   38.47873
  26.33651   40.85128
  21.09031   24.84092
  50.14828   44.59598
  25.48636   31.58746
  20.63797   46.57929
  12.93030   47.85071
  66.06589   12.51134
  58.74404   32.69147
  62.29503   64.31765
  62.88572   47.38296
  53.15914   51.72538
  34.05092   41.08547
  40.10063    2.96670
  56.64929   49.63445
  62.22468   36.75276
  30.38444   23.35138
  44.57831    6.73309
  50.50253   75.56564
  71.29900   70.28661
  27.58013   56.24804
  42.18701   52.74536
  21.46325   48.62137
   3.85259   55.64005
  23.94175   13.25084
  26.58016   13.23502
  73.17104   22.72200
   8.60858    9.36014
  60.44189   67.11156
   2.84296    9.71550
  71.28064   41.20738
  73.95352   46.49941
  61.86051   33.81415
  66.03718   30.83236
  28.34768   34.24628
  31.60521   67.57038
  29.90590   29.72648
  33.27544   33.96356
  53.02439   15.18207
  57.79829   20.29288
  77.01393   10.61290
  64.54374   28.39964
   6.77106   58.49350
  79.72807    0.76742
  19.00587   36.95398
  61.22071   77.80027
  73.27576   46.99574
  35.55003   35.28608
  55.51931   58.13128
  58.77862   30.73764
  75.63167   63.49354
  20.62517   50.91896
  67.61124    0.62201
   6.16290   79.15401
  63.27720   58.95099
  69.31119   18.46033
   8.44018   59.43482
  38.01251   60.77223

scenario (a)
1-30 Infeasible
scenario (b)
1 237.0
2 236.0
